"function evaluation" "noise-free fitness - Fopt (7.948000000000e+01)" "best noise-free fitness - Fopt" "measured fitness" "best measured fitness" "x1" "x2"
1 +2.855149744e+02 +2.855149744e+02 +3.649949744e+02 +3.649949744e+02 -2.1123e-01 -8.4916e-01 -2.5666e+00 +3.2437e+00 +3.1867e+00 -3.6692e+00 -3.8288e+00 -1.6708e+00 +3.7964e+00 +3.7460e+00 +1.9938e+00 +3.8294e+00 +1.5702e+00 -2.6781e+00 -1.3998e+00 +2.7538e+00 +3.7625e+00 +1.7899e+00 -1.4840e+00 -5.1873e-01
2 +1.980095397e+02 +1.980095397e+02 +2.774895397e+02 +2.774895397e+02 -6.1132e-01 +1.5031e+00 -3.3948e+00 +2.6910e+00 +2.3248e+00 -2.7111e+00 +2.7199e+00 -1.6066e+00 +3.9591e-02 +1.4362e+00 +3.5921e+00 -2.9017e+00 -1.6839e+00 +3.2190e+00 +2.4206e+00 +1.9152e+00 +3.0256e+00 -2.5632e+00 +2.4026e+00 +2.3621e+00
3 +1.132471471e+02 +1.132471471e+02 +1.927271471e+02 +1.927271471e+02 +1.4187e+00 +7.5669e-01 +2.3490e-01 +3.5448e+00 -7.1216e-01 -1.3915e+00 +3.2478e-02 +1.7531e+00 -2.8092e+00 -1.7570e+00 +1.3952e+00 +1.7675e+00 -9.9223e-01 -5.9505e-01 -3.5460e-01 -2.6981e+00 -5.2614e-01 -8.5827e-01 +3.4056e+00 +2.5453e+00
13 +8.767533952e+01 +8.767533952e+01 +1.671553395e+02 +1.671553395e+02 +2.1105e+00 -5.1666e-01 -5.9898e-01 -4.1261e-01 -2.8561e-01 +1.5969e+00 +1.5072e+00 -1.6107e+00 -3.7317e+00 -3.7268e+00 -2.5435e+00 -1.2060e+00 -2.3968e-01 -1.3971e+00 +3.6100e+00 +2.2869e+00 -3.8896e+00 +1.1925e+00 +6.5482e-01 +2.5850e+00
806 +5.894089276e+01 +5.894089276e+01 +1.384208928e+02 +1.384208928e+02 -8.1596e-01 -3.5264e+00 -3.8621e+00 +2.1712e+00 -3.7658e+00 -2.4495e+00 -3.1209e+00 -2.1410e+00 -1.6714e+00 -2.9280e+00 -2.2687e+00 +1.7359e+00 +1.3510e+00 +3.3538e+00 +3.6726e+00 +3.3285e+00 +5.8693e-02 -2.5110e+00 +3.7131e+00 +1.1063e+00
"function evaluation" "noise-free fitness - Fopt (3.944800000000e+02)" "best noise-free fitness - Fopt" "measured fitness" "best measured fitness" "x1" "x2"
1 +2.595276070e+02 +2.595276070e+02 +6.540076070e+02 +6.540076070e+02 -2.8270e+00 +1.1864e+00 -5.3609e-01 +7.0053e-01 +3.7684e+00 -6.3517e-01 -2.4678e+00 -2.3464e+00 +3.6143e+00 -2.3161e+00 -3.5384e+00 -6.0909e-01 +1.7870e+00 -3.8766e+00 +2.0440e+00 +1.3347e+00 -1.4867e+00 -2.7954e+00 +2.9690e+00 +3.7449e+00
2 +2.494875863e+02 +2.494875863e+02 +6.439675863e+02 +6.439675863e+02 -2.4454e+00 +1.7608e+00 -3.6229e+00 +1.0996e+00 -3.2544e+00 +2.7645e+00 +2.5317e-01 +2.8933e+00 -3.0918e+00 +1.4752e+00 +2.3775e+00 -7.0799e-01 -1.1769e+00 +9.4832e-01 +2.1237e+00 -2.3531e+00 +3.0898e-01 +2.6840e+00 +1.3665e+00 +2.9247e+00
7 +1.542669962e+02 +1.542669962e+02 +5.487469962e+02 +5.487469962e+02 -3.7184e+00 -3.0597e+00 +1.2318e+00 +2.4112e+00 +2.3907e+00 +2.1535e-01 -5.5370e-01 +9.7496e-01 -2.9834e+00 +9.0475e-01 -7.9176e-01 +3.6879e-01 -1.0989e-01 +3.0435e+00 -2.8648e+00 -3.1969e+00 -3.5320e+00 +2.3989e+00 -1.9254e+00 +3.0191e-01
"function evaluation" "noise-free fitness - Fopt (-2.471100000000e+02)" "best noise-free fitness - Fopt" "measured fitness" "best measured fitness" "x1" "x2"
1 +2.179311936e+02 +2.179311936e+02 -2.917880639e+01 -2.917880639e+01 -3.4714e-01 -8.4342e-01 +4.3562e-01 +6.2258e-01 +1.6944e+00 -1.4179e+00 -2.7068e+00 +2.7598e+00 +1.9187e+00 +3.5211e+00 +2.9919e-01 -1.5164e-01 -7.1333e-01 -2.7930e+00 +1.3428e+00 -3.2668e+00 +1.4084e+00 +1.5788e+00 +2.1203e-01 +9.2384e-01
6 +1.342665258e+02 +1.342665258e+02 -1.128434742e+02 -1.128434742e+02 -3.7588e+00 -2.2798e+00 -2.4612e+00 +5.8073e-01 -2.6527e+00 -2.2771e+00 +1.5079e+00 -1.1951e+00 +2.2976e+00 -5.1598e-01 +1.4180e+00 -1.8570e+00 +1.1643e+00 +1.9292e+00 -1.3157e+00 +3.5276e-01 +1.4738e+00 +9.5148e-01 +2.3519e-01 -2.4969e+00
129 +8.951867009e+01 +8.951867009e+01 -1.575913299e+02 -1.575913299e+02 -3.6509e+00 -1.1167e+00 -5.2762e-01 -2.9352e-01 +1.8522e+00 +8.8277e-01 +2.6337e+00 -1.1662e+00 -1.9312e-01 +1.3028e+00 +3.6800e+00 -1.6366e+00 +2.9672e+00 +1.7242e+00 +9.8289e-01 -1.1022e+00 +3.0234e+00 +2.6909e+00 +8.8290e-01 +2.7360e+00
"function evaluation" "noise-free fitness - Fopt (-1.520400000000e+02)" "best noise-free fitness - Fopt" "measured fitness" "best measured fitness" "x1" "x2"
1 +1.576917171e+02 +1.576917171e+02 +5.651717108e+00 +5.651717108e+00 +2.4366e+00 +2.6285e+00 -2.5904e+00 +3.5976e+00 +3.1674e+00 +2.1630e+00 -2.2256e+00 +2.0567e-01 -1.1049e+00 -3.6445e+00 -2.3084e-01 +3.9340e+00 -3.5380e+00 +3.8456e+00 -1.3206e+00 -9.8039e-01 +3.6132e+00 -7.4381e-01 -3.4742e+00 -2.6890e-01
5 +8.819914860e+01 +8.819914860e+01 -6.384085140e+01 -6.384085140e+01 +1.3709e+00 +3.9688e+00 -3.1140e-01 +3.0461e+00 +1.4762e+00 +2.3481e+00 -1.8165e+00 -2.4885e+00 +2.2743e+00 +7.5682e-01 +3.8024e+00 -3.6092e+00 -2.2707e+00 +2.2025e+00 +7.8379e-01 +1.1978e+00 +1.2366e+00 -1.4553e-01 +9.6831e-01 -1.9011e-01
"function evaluation" "noise-free fitness - Fopt (-2.525000000000e+01)" "best noise-free fitness - Fopt" "measured fitness" "best measured fitness" "x1" "x2"
1 +2.029960317e+02 +2.029960317e+02 +1.777460317e+02 +1.777460317e+02 -1.4562e+00 +1.9210e+00 +2.8468e+00 +4.5227e-01 -6.6745e-01 +5.5559e-01 -3.7488e+00 -3.2951e+00 -1.6066e+00 +2.1467e+00 -2.9848e+00 +9.4327e-01 -3.1175e+00 -3.6258e-01 -3.5541e+00 +1.5101e+00 +6.7510e-01 +4.2862e-01 -2.9226e+00 +3.1484e+00
4 +9.135171232e+01 +9.135171232e+01 +6.610171232e+01 +6.610171232e+01 -9.1979e-01 +6.3457e-02 +2.6924e+00 -1.1936e+00 +2.5883e+00 -2.7491e+00 -2.2406e+00 -2.2234e-01 +2.3893e+00 +4.5966e-01 +1.5326e+00 -3.0693e-01 +3.1458e-01 -1.7814e+00 +8.9958e-01 +7.3090e-01 +2.7336e+00 -7.7759e-01 -1.0758e-01 -2.9802e+00
"function evaluation" "noise-free fitness - Fopt (-2.017200000000e+02)" "best noise-free fitness - Fopt" "measured fitness" "best measured fitness" "x1" "x2"
1 +1.798939120e+02 +1.798939120e+02 -2.182608800e+01 -2.182608800e+01 +3.3470e+00 -6.0230e-02 +2.5174e+00 +3.8417e+00 -2.5537e+00 -1.5017e-01 +6.9926e-01 +3.9929e-01 +2.6104e+00 -2.6847e-02 +2.9199e+00 +1.4592e+00 -1.3976e+00 -2.1640e-01 -2.5141e+00 -3.5811e+00 -1.3593e+00 +2.4065e+00 +2.2070e+00 +9.9431e-01
5 +1.361240521e+02 +1.361240521e+02 -6.559594790e+01 -6.559594790e+01 -8.8805e-01 +1.7874e+00 +2.9795e+00 +1.5074e+00 -2.7582e-01 -1.3644e+00 +3.5121e-01 -9.0898e-01 -3.8211e+00 -8.4751e-01 +2.6597e+00 +1.6864e+00 -1.6464e+00 +3.9071e+00 +1.3932e+00 -2.7400e-01 +7.0118e-01 -9.5293e-01 -2.3311e+00 -6.0053e-01
34 +9.468648000e+01 +9.468648000e+01 -1.070335200e+02 -1.070335200e+02 -1.3542e+00 -1.0720e+00 +2.3118e+00 +1.5240e+00 -8.4690e-01 +7.6100e-01 -5.3795e-01 +1.2009e+00 +2.6733e+00 -4.3738e-01 -3.6079e-01 +2.1012e+00 -5.8196e-02 +5.7090e-02 -3.3901e+00 -1.1729e-01 -2.1112e+00 +7.2460e-01 -1.1605e+00 -3.8226e+00
288 +6.153362568e+01 +6.153362568e+01 -1.401863743e+02 -1.401863743e+02 +1.6658e+00 +1.1271e-02 +2.1865e+00 +8.1173e-01 +2.6607e+00 +1.2965e-01 -3.4195e+00 +2.5854e+00 -6.5003e-01 -3.5638e-01 +1.8090e+00 +1.1967e+00 -2.3530e-01 +5.2981e-01 -2.4758e+00 +1.3003e+00 +1.9707e+00 +2.9720e-01 -1.8987e+00 -1.0040e-01
"function evaluation" "noise-free fitness - Fopt (-1.000000000000e+03)" "best noise-free fitness - Fopt" "measured fitness" "best measured fitness" "x1" "x2"
1 +2.443337975e+02 +2.443337975e+02 -7.556662025e+02 -7.556662025e+02 +1.7919e+00 -3.7824e+00 -3.8582e+00 +3.4215e+00 +3.2181e+00 +2.6878e+00 -8.5408e-01 -4.1814e-01 +1.7833e+00 +1.2258e+00 +1.8149e-01 +1.0489e+00 -3.7588e+00 +7.4453e-02 +2.4724e+00 -3.8867e+00 -8.5926e-02 -8.0695e-01 -3.0394e+00 -2.5104e+00
6 +1.437508424e+02 +1.437508424e+02 -8.562491576e+02 -8.562491576e+02 -1.3396e+00 -1.0262e+00 +1.1683e+00 -1.9322e-01 +1.5626e+00 +1.0410e+00 +2.9393e-01 -2.0232e+00 +9.4522e-01 +4.7004e-01 -6.3564e-01 -2.4252e+00 -7.8580e-01 +2.1033e+00 -1.0183e+00 -2.5322e+00 +1.6956e+00 +3.9830e+00 +4.7293e-01 -2.9421e+00
12 +8.836175361e+01 +8.836175361e+01 -9.116382464e+02 -9.116382464e+02 +1.3094e+00 +9.8530e-01 -2.5164e+00 +1.1554e+00 +3.8629e+00 +4.8268e-01 +3.3267e+00 -2.6475e+00 -1.2878e+00 +2.0084e+00 +1.9278e+00 -1.4863e+00 +3.3444e+00 -2.6144e+00 +3.0612e+00 -2.0197e+00 +2.9905e+00 -1.0790e+00 -4.3310e-01 -2.1432e-01
575 +5.305773536e+01 +5.305773536e+01 -9.469422646e+02 -9.469422646e+02 -9.2504e-02 +3.6242e+00 +2.2668e+00 +9.1080e-02 +3.8229e+00 -1.0438e+00 +3.0612e-02 -3.1267e+00 -3.0304e+00 +2.6029e+00 -3.3746e-01 +8.7766e-02 +2.5384e+00 -2.3404e+00 +1.0390e+00 +2.6052e+00 +1.2415e+00 -1.2630e+00 +1.5898e-01 -5.1290e-01
"function evaluation" "noise-free fitness - Fopt (-4.290000000000e+01)" "best noise-free fitness - Fopt" "measured fitness" "best measured fitness" "x1" "x2"
1 +1.836712725e+02 +1.836712725e+02 +1.407712725e+02 +1.407712725e+02 +3.0355e+00 +3.0579e+00 +1.7745e+00 -2.7292e+00 +2.9336e+00 +1.5104e-01 +9.6575e-01 +3.1712e+00 +2.4663e+00 +2.0927e+00 +2.7661e+00 -2.2046e+00 -2.7108e+00 +3.9868e-01 +1.2905e+00 +2.5688e+00 -3.9305e+00 -3.4752e+00 +2.0520e+00 -3.9652e+00
11 +1.096028362e+02 +1.096028362e+02 +6.670283615e+01 +6.670283615e+01 +1.5945e+00 +3.7919e+00 +5.3562e-01 +2.3181e+00 -7.9256e-02 -4.8980e-01 -3.3884e+00 +2.1392e+00 -6.8680e-01 -3.3128e+00 +2.0481e+00 -8.3889e-01 +2.5802e+00 -1.3022e+00 +1.1669e+00 +2.1032e+00 +2.5010e+00 +7.4159e-02 +3.6963e+00 +2.7907e+00
41 +9.962002860e+01 +9.962002860e+01 +5.672002860e+01 +5.672002860e+01 -2.7726e-01 +1.8561e+00 +2.6094e+00 -5.6860e-01 -3.9757e+00 +1.6526e+00 -1.5439e+00 +1.0151e-01 +2.0309e-01 -9.2687e-02 +1.7340e+00 -1.0651e+00 +3.7301e+00 -1.9386e+00 +7.5750e-01 +1.1707e+00 +1.1332e+00 +2.2322e-02 +2.7858e+00 -1.4188e+00
"function evaluation" "noise-free fitness - Fopt (-1.013200000000e+02)" "best noise-free fitness - Fopt" "measured fitness" "best measured fitness" "x1" "x2"
1 +3.145702079e+02 +3.145702079e+02 +2.132502079e+02 +2.132502079e+02 +2.4366e+00 +2.6285e+00 -2.5904e+00 +3.5976e+00 +3.1674e+00 +2.1630e+00 -2.2256e+00 +2.0567e-01 -1.1049e+00 -3.6445e+00 -2.3084e-01 +3.9340e+00 -3.5380e+00 +3.8456e+00 -1.3206e+00 -9.8039e-01 +3.6132e+00 -7.4381e-01 -3.4742e+00 -2.6890e-01
2 +1.797757666e+02 +1.797757666e+02 +7.845576665e+01 +7.845576665e+01 +3.4295e+00 +3.0139e+00 -2.6626e+00 +1.9225e+00 +2.3577e+00 -2.8722e+00 -3.8823e+00 -2.2643e+00 -7.3789e-01 -1.2557e+00 +1.9117e+00 -2.8753e+00 +3.4648e+00 +2.5589e+00 +1.2185e-01 -1.5602e+00 -3.8853e+00 -3.2239e+00 +1.7299e+00 +7.2077e-01
3 +1.420725701e+02 +1.420725701e+02 +4.075257005e+01 +4.075257005e+01 -2.9043e+00 +1.3631e+00 +3.7821e+00 +1.5002e+00 -3.7340e+00 +1.1812e+00 -1.5565e+00 +7.1082e-02 -2.7997e+00 +2.8636e+00 +1.6336e+00 -4.6398e-01 +1.6311e+00 -1.0738e+00 -2.8973e-01 +3.8524e-01 -1.9105e+00 +2.8590e+00 -1.7265e-01 +1.8792e+00
287 +8.172043901e+01 +8.172043901e+01 -1.959956099e+01 -1.959956099e+01 -3.6265e+00 -3.9597e-01 +2.3665e+00 -2.2545e+00 -3.3430e+00 -3.1755e+00 -1.8286e-02 -1.1668e+00 -2.0419e+00 +2.1696e+00 +9.5816e-01 -4.1098e-01 -3.8262e+00 +2.7887e+00 +1.1096e+00 -2.4297e+00 -3.8299e+00 -1.9570e-01 +2.0016e+00 +1.5785e-01
"function evaluation" "noise-free fitness - Fopt (3.650000000000e+00)" "best noise-free fitness - Fopt" "measured fitness" "best measured fitness" "x1" "x2"
1 +1.949040298e+02 +1.949040298e+02 +1.985540298e+02 +1.985540298e+02 +5.7010e-01 -7.4612e-01 -3.0073e+00 +3.1431e+00 -2.4596e-01 -1.0115e+00 +3.8764e+00 -2.6503e+00 +2.4538e+00 -2.4541e+00 -5.5421e-01 -2.7765e+00 -3.4526e+00 -2.7134e+00 +2.3506e+00 +5.0529e-01 +5.9236e-01 +9.4800e-01 +1.6711e+00 -5.9366e-01
4 +1.446563433e+02 +1.446563433e+02 +1.483063433e+02 +1.483063433e+02 +3.6071e+00 -1.6666e+00 -3.9351e+00 +2.1378e+00 -1.4140e+00 -2.1031e+00 +3.4043e+00 +2.4312e+00 -2.2934e+00 +2.3313e+00 +3.9712e+00 -2.7283e+00 +5.4061e-01 +2.1036e+00 -2.5410e+00 -1.0827e+00 +1.9333e+00 -1.0476e+00 -2.8128e+00 +2.1666e+00
116 +8.537907184e+01 +8.537907184e+01 +8.902907184e+01 +8.902907184e+01 +1.0429e+00 +7.7667e-02 +9.4886e-01 -2.9142e+00 -2.6414e+00 -3.7025e+00 +2.6371e+00 -1.3341e+00 -1.4894e+00 -2.5936e+00 -8.7042e-01 +3.8329e+00 +2.2650e+00 +6.2496e-01 -1.7425e+00 +3.1017e+00 -1.9876e+00 -2.4910e+00 -1.8148e+00 +3.8122e+00
"function evaluation" "noise-free fitness - Fopt (2.205300000000e+02)" "best noise-free fitness - Fopt" "measured fitness" "best measured fitness" "x1" "x2"
1 +2.748459640e+02 +2.748459640e+02 +4.953759640e+02 +4.953759640e+02 +5.7010e-01 -7.4612e-01 -3.0073e+00 +3.1431e+00 -2.4596e-01 -1.0115e+00 +3.8764e+00 -2.6503e+00 +2.4538e+00 -2.4541e+00 -5.5421e-01 -2.7765e+00 -3.4526e+00 -2.7134e+00 +2.3506e+00 +5.0529e-01 +5.9236e-01 +9.4800e-01 +1.6711e+00 -5.9366e-01
3 +2.233501179e+02 +2.233501179e+02 +4.438801179e+02 +4.438801179e+02 +1.8645e+00 -2.9181e+00 -1.1681e+00 -3.1186e+00 -3.8704e+00 +3.6374e+00 -5.6768e-01 +1.9986e+00 -6.5124e-01 -2.9999e+00 -2.5292e+00 -1.3618e+00 -1.5032e+00 +1.2109e+00 -3.2385e+00 -2.3297e-01 +3.2160e+00 +3.2917e+00 +4.5203e-01 -1.6000e+00
11 +1.370194968e+02 +1.370194968e+02 +3.575494968e+02 +3.575494968e+02 +1.3138e+00 -1.1816e+00 -1.1386e+00 -1.0272e+00 +3.7144e+00 +1.2033e+00 -8.6572e-01 +7.4740e-01 -5.2289e-01 +3.8391e+00 -3.7834e+00 +1.1311e+00 +2.1231e+00 -1.7679e+00 -3.7979e-01 -3.5420e+00 +3.8628e+00 -5.7417e-01 +3.5969e-02 +3.7849e+00
118 +9.874514869e+01 +9.874514869e+01 +3.192751487e+02 +3.192751487e+02 +3.6741e+00 -3.5351e+00 +1.1939e+00 -7.6977e-02 +2.1436e+00 +2.1396e+00 -3.8134e+00 -1.7434e+00 +6.9166e-01 -2.0458e+00 -8.4137e-01 +1.8251e+00 -2.5275e+00 +2.9109e+00 -7.2844e-01 -2.0077e+00 +1.4506e+00 +1.2969e+00 -5.2652e-01 +1.2255e+00
687 +5.652127432e+01 +5.652127432e+01 +2.770512743e+02 +2.770512743e+02 +1.2877e+00 -3.7664e+00 -2.0298e+00 +2.0290e+00 +3.2510e+00 -1.2672e+00 -3.2032e+00 +3.1503e+00 +3.8714e+00 +1.3351e+00 -1.2735e+00 +1.4464e+00 -3.8030e+00 +3.7971e+00 -3.9018e+00 -3.0464e+00 -3.5158e-01 +1.5017e+00 -2.3248e+00 +1.8763e+00
"function evaluation" "noise-free fitness - Fopt (4.212900000000e+02)" "best noise-free fitness - Fopt" "measured fitness" "best measured fitness" "x1" "x2"
1 +1.491524566e+02 +1.491524566e+02 +5.704424566e+02 +5.704424566e+02 -2.3973e+00 +1.8450e+00 +9.0888e-01 -2.1079e+00 -1.0849e-02 +3.5360e+00 +3.7727e+00 +1.5586e+00 -1.1003e+00 +2.4947e+00 +3.0726e+00 -2.9719e+00 +3.3561e+00 -3.3344e+00 -3.5351e+00 +1.5041e+00 -3.8175e-01 -2.0551e+00 +3.4928e+00 +7.1890e-01
45 +9.179730407e+01 +9.179730407e+01 +5.130873041e+02 +5.130873041e+02 -1.8365e+00 +1.6503e+00 -1.0051e+00 -8.9893e-01 -3.5878e+00 +2.8720e+00 -2.2331e+00 +2.2828e-01 +1.9889e+00 -3.5671e+00 -2.4598e+00 -1.4633e+00 +1.4780e+00 -3.0801e+00 +2.1352e+00 -1.4299e+00 -3.4001e+00 +1.4508e+00 +1.7849e+00 -1.3079e+00
"function evaluation" "noise-free fitness - Fopt (-7.900000000000e+01)" "best noise-free fitness - Fopt" "measured fitness" "best measured fitness" "x1" "x2"
1 +2.494446787e+02 +2.494446787e+02 +1.704446787e+02 +1.704446787e+02 -6.5473e-01 -2.1159e+00 +5.1379e-01 -3.0171e+00 -9.2416e-01 -1.8596e+00 +7.6874e-01 -5.6642e-01 -1.8062e+00 -2.6675e+00 +1.3553e+00 -1.8378e+00 -2.6325e+00 +3.2863e+00 +3.7137e+00 +3.4437e+00 -3.9621e+00 -3.9361e+00 -5.0881e-01 +2.6722e+00
6 +1.097383757e+02 +1.097383757e+02 +3.073837566e+01 +3.073837566e+01 -7.1296e-01 +7.9821e-01 +1.2437e+00 +1.9501e+00 +2.5097e+00 -2.3917e+00 -1.0517e-01 -3.3264e-01 -2.3700e+00 +2.4681e+00 -1.3951e+00 -2.2738e+00 -1.6050e+00 -2.6776e+00 -1.9610e+00 -1.7454e+00 +4.5921e-01 +1.3592e+00 +1.2173e+00 +3.5466e+00
25 +8.298742767e+01 +8.298742767e+01 +3.987427665e+00 +3.987427665e+00 -2.3943e+00 -2.8210e+00 +1.5873e+00 +1.7424e+00 -8.3355e-01 -1.5343e+00 -1.5074e+00 +3.8695e+00 -6.4362e-01 -1.3567e-03 -2.5607e+00 -3.2445e+00 -9.3515e-01 -3.2071e+00 -2.9354e+00 -1.3305e+00 +3.4441e+00 -9.0108e-01 -1.8174e+00 +2.5636e+00
"function evaluation" "noise-free fitness - Fopt (-4.133000000000e+01)" "best noise-free fitness - Fopt" "measured fitness" "best measured fitness" "x1" "x2"
1 +2.392594405e+02 +2.392594405e+02 +1.979294405e+02 +1.979294405e+02 -3.2880e+00 -3.8898e+00 +1.6837e-01 -5.8148e-01 +1.9477e-01 -3.9589e+00 -1.3041e+00 +2.6127e+00 +2.9578e+00 -7.5472e-01 -3.6930e-01 -6.1993e-01 -5.3117e-01 -1.0599e+00 -2.7810e+00 +2.5538e-01 +3.9187e+00 +1.8068e+00 -3.0055e+00 -3.3408e+00
6 +1.497104793e+02 +1.497104793e+02 +1.083804793e+02 +1.083804793e+02 +1.6293e+00 -1.3749e+00 -8.6006e-01 -3.9580e+00 +1.4262e+00 +5.1950e-01 -2.0458e-01 +2.1967e+00 -6.5709e-01 +1.7407e-01 +2.4748e+00 +4.9175e-02 -7.4028e-01 +8.5564e-01 +5.9414e-01 +1.0021e+00 -2.4221e-01 -2.0666e+00 +2.3206e+00 -2.5855e+00
107 +4.099677529e+01 +4.099677529e+01 -3.332247125e-01 -3.332247125e-01 -1.3281e+00 -8.1832e-02 -3.7602e+00 -3.4306e+00 +2.4086e+00 -1.9593e+00 -1.4645e+00 -3.8041e+00 -1.2937e+00 +1.7710e+00 -6.7918e-01 +1.6472e+00 +1.1577e+00 -2.3370e+00 -7.5846e-01 -3.0038e+00 -9.8823e-01 -2.3508e+00 +2.1627e+00 -2.1537e+00
"function evaluation" "noise-free fitness - Fopt (2.127500000000e+02)" "best noise-free fitness - Fopt" "measured fitness" "best measured fitness" "x1" "x2"
1 +1.590583731e+02 +1.590583731e+02 +3.718083731e+02 +3.718083731e+02 +6.5543e-01 -3.0942e+00 -3.2249e+00 -3.0613e+00 -2.3765e+00 -5.7246e-01 +3.8529e+00 +2.3752e+00 +1.7879e+00 +3.7719e+00 +3.3035e+00 -2.7283e+00 +1.7050e+00 +3.3703e+00 +1.1534e+00 -3.6927e+00 -2.6852e+00 -1.5861e+00 -2.8354e+00 -2.6185e-01
33 +1.151539212e+02 +1.151539212e+02 +3.279039212e+02 +3.279039212e+02 -4.3966e-01 -1.3423e+00 +2.4369e+00 +1.2217e-01 +8.1809e-01 +1.0637e+00 +6.1591e-01 +4.1996e-02 -3.1777e-01 +1.7262e+00 +3.1899e+00 +2.0927e+00 +3.4206e-02 +1.3986e+00 +9.6213e-02 +1.6787e+00 -3.7396e+00 +2.0047e+00 +2.2332e-01 -2.9569e-01
316 +9.663192269e+01 +9.663192269e+01 +3.093819227e+02 +3.093819227e+02 -3.8895e+00 -1.5414e+00 -3.6358e+00 -2.0603e+00 -2.9310e+00 -2.1817e+00 -5.1033e-01 -1.3500e+00 +9.0138e-01 +5.3822e-01 -2.7247e+00 -1.8314e+00 -1.0799e+00 +8.9282e-01 +3.5980e+00 +2.9085e-01 +5.4611e-01 -3.7380e-01 -3.8462e-01 +2.1990e+00
"function evaluation" "noise-free fitness - Fopt (6.480000000000e+00)" "best noise-free fitness - Fopt" "measured fitness" "best measured fitness" "x1" "x2"
1 +1.969225271e+02 +1.969225271e+02 +2.034025271e+02 +2.034025271e+02 -2.4140e+00 -3.4947e+00 +3.5949e+00 -3.9232e+00 -2.5286e+00 +1.5560e-01 -1.8481e+00 +3.5786e-01 -2.1466e+00 +2.9002e+00 +6.1048e-01 +3.1878e+00 +3.5172e+00 -6.4408e-01 -1.1135e+00 -2.5839e+00 -1.7332e+00 +3.2463e+00 +2.7967e+00 -3.0743e+00
5 +1.103277667e+02 +1.103277667e+02 +1.168077667e+02 +1.168077667e+02 +3.7602e+00 +2.2199e+00 -1.3368e+00 +1.1456e+00 -2.5094e+00 -3.6488e+00 +2.3123e+00 -3.4301e+00 +2.6475e-01 -2.5944e+00 +1.7316e+00 -6.3479e-02 -1.3506e+00 +2.6932e-01 -4.0106e-01 -3.0515e+00 -1.4001e+00 +2.6755e-01 -2.4607e-01 +3.4280e+00
20 +9.040251026e+01 +9.040251026e+01 +9.688251026e+01 +9.688251026e+01 +3.8615e+00 -2.7742e+00 -3.9614e+00 +2.1592e+00 +1.4276e+00 +1.6851e+00 -3.8165e+00 +3.7236e-01 -1.7208e+00 +1.3285e+00 +3.0151e+00 +1.4264e+00 +5.5043e-01 +3.6077e+00 -1.3813e+00 +2.1677e-01 +3.4059e+00 +1.6027e+00 -1.5947e+00 -2.0910e+00
"function evaluation" "noise-free fitness - Fopt (-2.995100000000e+02)" "best noise-free fitness - Fopt" "measured fitness" "best measured fitness" "x1" "x2"
1 +1.493252983e+02 +1.493252983e+02 -1.501847017e+02 -1.501847017e+02 +3.8943e+00 +1.4363e+00 +2.8530e+00 -6.2724e-01 -1.1883e+00 +6.3991e-01 -1.7481e-01 +1.6610e+00 +3.4290e+00 -1.5732e+00 -6.0165e-01 -3.9523e+00 +3.5359e+00 +4.8838e-01 -2.6991e-01 -3.9535e+00 +3.1299e+00 -1.8701e+00 -3.2501e+00 -5.1976e-01
232 +9.674473919e+01 +9.674473919e+01 -2.027652608e+02 -2.027652608e+02 -2.9885e+00 +9.7853e-01 -6.7752e-01 +3.1879e+00 -1.1549e+00 -1.8712e+00 -1.8033e+00 +2.9352e+00 -3.2601e+00 -3.5576e+00 -1.3657e+00 -3.1078e+00 +3.9630e+00 +3.2485e+00 +3.4159e+00 -2.0818e+00 +2.3619e+00 +3.6650e-01 +1.3360e+00 +1.8232e+00
"function evaluation" "noise-free fitness - Fopt (1.653000000000e+02)" "best noise-free fitness - Fopt" "measured fitness" "best measured fitness" "x1" "x2"
1 +2.836772302e+02 +2.836772302e+02 +4.489772302e+02 +4.489772302e+02 +3.5668e+00 +3.7376e+00 +3.3456e+00 -3.6167e+00 -1.6299e-01 +2.2514e+00 +3.4141e+00 -3.4719e+00 -3.1178e+00 -2.1540e+00 -1.1308e+00 -1.4206e+00 +3.4685e+00 -2.7133e-02 -1.1826e+00 -2.8884e+00 +3.7643e+00 -3.7494e+00 -2.2348e+00 +3.2322e+00
2 +2.056745320e+02 +2.056745320e+02 +3.709745320e+02 +3.709745320e+02 +3.8917e+00 -2.9653e+00 -2.8323e+00 +3.7686e+00 +1.2153e+00 -3.7518e+00 -3.1401e+00 -2.7941e+00 -2.9117e-01 +4.7998e-01 -1.2493e+00 -2.6729e+00 +6.4145e-01 -2.5669e+00 -1.5578e+00 -8.7241e-01 -3.1049e+00 -3.8715e+00 -1.4885e+00 +7.4050e-01
5 +1.554675808e+02 +1.554675808e+02 +3.207675808e+02 +3.207675808e+02 +5.1022e-01 -2.5261e+00 +7.5931e-01 +3.6774e+00 -3.8955e-01 -1.5421e+00 +1.8746e+00 +1.8968e+00 -6.6417e-01 +3.2992e-01 +4.4835e-01 +1.7420e-02 +9.3899e-02 +3.6402e+00 -8.3801e-01 +9.2965e-01 -1.4954e+00 -5.4638e-02 -2.9825e+00 -3.0491e+00
94 +9.639713201e+01 +9.639713201e+01 +2.616971320e+02 +2.616971320e+02 -1.7251e+00 +8.7801e-01 -2.5650e+00 -5.2599e-01 +2.0785e+00 +1.0216e-01 +3.8875e+00 -1.9477e-01 +1.0843e+00 +1.2256e+00 -3.9331e+00 +3.6622e+00 +3.4931e+00 -6.7873e-01 -3.5915e+00 +2.4271e+00 -3.0871e+00 -2.8433e+00 +3.8688e-01 -1.2103e-01
"function evaluation" "noise-free fitness - Fopt (-1.737100000000e+02)" "best noise-free fitness - Fopt" "measured fitness" "best measured fitness" "x1" "x2"
1 +2.573157913e+02 +2.573157913e+02 +8.360579133e+01 +8.360579133e+01 -1.4562e+00 +1.9210e+00 +2.8468e+00 +4.5227e-01 -6.6745e-01 +5.5559e-01 -3.7488e+00 -3.2951e+00 -1.6066e+00 +2.1467e+00 -2.9848e+00 +9.4327e-01 -3.1175e+00 -3.6258e-01 -3.5541e+00 +1.5101e+00 +6.7510e-01 +4.2862e-01 -2.9226e+00 +3.1484e+00
2 +1.387466147e+02 +1.387466147e+02 -3.496338527e+01 -3.496338527e+01 -1.7232e+00 -7.5721e-02 -1.6287e+00 +1.5044e+00 +6.4228e-01 -3.9879e+00 +9.7142e-01 +2.1943e+00 -3.2085e+00 +2.1385e+00 -1.9198e+00 -2.2417e+00 -5.2600e-01 +1.2993e+00 -3.2653e-01 -1.0989e+00 +2.4762e-01 -3.1149e+00 -2.1588e+00 +1.8167e+00
37 +6.765803230e+01 +6.765803230e+01 -1.060519677e+02 -1.060519677e+02 +8.4292e-02 +2.6468e-01 -9.1508e-01 +2.1853e+00 -1.0383e+00 +8.0673e-01 +3.5466e+00 +3.0526e+00 -1.7204e+00 -1.8958e+00 +3.6363e+00 -1.7169e+00 +8.5009e-01 +1.9768e+00 -3.0199e+00 -2.0478e+00 -2.7614e-02 -6.2178e-01 -2.4720e+00 +1.1246e-01
"function evaluation" "noise-free fitness - Fopt (5.694000000000e+01)" "best noise-free fitness - Fopt" "measured fitness" "best measured fitness" "x1" "x2"
1 +1.219141400e+02 +1.219141400e+02 +1.788541400e+02 +1.788541400e+02 -2.0175e+00 -2.6616e+00 -3.1502e+00 +1.2465e+00 +8.8791e-02 +1.8452e+00 -3.1696e+00 -1.6001e+00 -8.9578e-01 +3.7555e+00 +1.4038e+00 +7.7424e-01 +3.0702e+00 +3.8655e+00 +3.3840e-01 -9.2115e-01 +2.8342e+00 +1.2294e-01 +3.8727e+00 +3.5703e-01
80 +8.823155019e+01 +8.823155019e+01 +1.451715502e+02 +1.451715502e+02 +2.2705e+00 -3.5809e+00 -3.5540e+00 -1.5355e-01 +1.8411e+00 +3.5560e+00 -2.4889e+00 -1.5565e+00 -1.4337e+00 +2.2425e+00 -1.3664e+00 +6.4902e-01 +9.3832e-01 -2.3637e+00 -2.1169e+00 +4.7402e-01 +3.2503e+00 -2.2302e+00 -4.4839e-01 +3.0733e+00
705 +5.613336494e+01 +5.613336494e+01 +1.130733649e+02 +1.130733649e+02 -3.9975e+00 -2.7455e+00 +1.2580e+00 +3.6535e+00 +2.3008e+00 +1.8552e+00 -2.9612e+00 -6.8422e-01 -1.2578e+00 +2.2611e+00 -5.9634e-01 -2.4304e+00 +2.1472e+00 -1.3334e+00 -6.2266e-02 -1.8621e+00 -1.5361e+00 -1.7966e-02 -1.7556e+00 +8.6309e-01
"function evaluation" "noise-free fitness - Fopt (-1.336400000000e+02)" "best noise-free fitness - Fopt" "measured fitness" "best measured fitness" "x1" "x2"
1 +2.163889928e+02 +2.163889928e+02 +8.274899284e+01 +8.274899284e+01 +1.2130e+00 -1.3151e+00 +1.9609e-01 -4.8575e-01 -5.3623e-01 -3.4049e+00 +1.0958e+00 +3.8667e+00 +3.9487e+00 +1.2511e+00 +2.0001e+00 +2.7346e+00 -2.6910e+00 +1.5497e-01 -2.6068e+00 -8.4502e-01 -2.2639e+00 +6.4394e-01 -1.8863e+00 -1.6155e+00
2 +1.271027215e+02 +1.271027215e+02 -6.537278495e+00 -6.537278495e+00 +1.1478e+00 +2.7646e+00 +2.9362e+00 +1.8039e+00 +2.4356e+00 +8.3523e-01 -4.3195e-02 +2.6424e+00 +8.3314e-02 -3.0511e+00 -1.8690e+00 +4.0030e-01 +2.1076e+00 +1.8867e+00 -1.2160e+00 -2.1816e-01 -1.2472e+00 -2.3213e-01 +1.1778e-01 +1.7968e+00
117 +9.909900478e+01 +9.909900478e+01 -3.454099522e+01 -3.454099522e+01 +3.0008e+00 +8.6104e-01 -1.1744e+00 -3.3646e+00 +2.3353e+00 -1.5304e-01 +1.5024e+00 -2.0720e-01 -3.7101e-01 +5.8137e-01 +2.2446e+00 +2.7877e-01 +3.2118e+00 +2.7381e+00 -1.6552e+00 -2.4512e+00 +3.6685e+00 -2.8946e+00 -2.6345e+00 -6.1987e-01
225 +5.738721005e+01 +5.738721005e+01 -7.625278995e+01 -7.625278995e+01 -3.0795e-01 +2.6474e+00 -9.1794e-01 +2.0303e+00 +3.0103e+00 -2.7686e+00 +3.2589e+00 -2.2212e+00 +2.8783e+00 -2.8874e+00 +3.7830e+00 +3.4542e+00 +3.6609e+00 -1.6473e+00 -1.1682e+00 +1.5677e+00 +1.7682e+00 -3.8718e+00 +2.6373e+00 +9.9425e-01
"function evaluation" "noise-free fitness - Fopt (-5.780000000000e+00)" "best noise-free fitness - Fopt" "measured fitness" "best measured fitness" "x1" "x2"
1 +3.086241478e+02 +3.086241478e+02 +3.028441478e+02 +3.028441478e+02 +3.6280e+00 +1.9271e+00 -3.7822e+00 -8.5631e-01 -2.3737e+00 +3.1165e+00 -3.9897e+00 -4.3898e-01 -9.5054e-01 +3.9823e+00 +7.8363e-01 -3.4444e+00 -1.4169e+00 -2.8133e+00 +3.6999e+00 +2.7706e+00 +1.6673e+00 -3.5872e+00 -3.6544e+00 +4.6831e-01
2 +2.226104586e+02 +2.226104586e+02 +2.168304586e+02 +2.168304586e+02 +1.1546e-02 +2.7359e-01 -2.0553e+00 -1.3256e+00 +1.8451e+00 +6.6609e-01 +3.3578e+00 -1.9328e+00 -3.4359e+00 +1.7055e+00 -6.8641e-01 -3.9933e+00 -3.7629e+00 +3.3003e-01 -3.7070e+00 +2.1916e+00 -1.0409e+00 -1.7945e+00 +1.8366e+00 +1.8744e+00
6 +1.303150845e+02 +1.303150845e+02 +1.245350845e+02 +1.245350845e+02 -1.9843e+00 +1.0481e+00 -1.8395e+00 -1.0457e+00 +2.9267e+00 +1.7628e-01 -2.8645e+00 -1.0859e+00 +7.0513e-01 +1.0693e+00 +1.2896e+00 +1.1516e+00 +4.1072e-01 +1.3799e+00 +1.7414e+00 -2.6660e+00 +8.0826e-01 +2.8669e+00 +3.2615e+00 +2.8780e+00
12 +9.900241445e+01 +9.900241445e+01 +9.322241445e+01 +9.322241445e+01 -2.4579e+00 -3.2875e+00 +3.5981e+00 +1.9764e+00 +1.0564e+00 -3.7363e+00 -6.6146e-01 -1.7432e+00 +3.4401e+00 +1.8179e+00 +2.7136e+00 -2.6914e+00 -2.9186e-01 -1.7560e+00 +3.8264e+00 +3.0463e+00 -3.7468e+00 +8.5407e-03 -1.1248e+00 +5.3912e-01
"function evaluation" "noise-free fitness - Fopt (4.996000000000e+01)" "best noise-free fitness - Fopt" "measured fitness" "best measured fitness" "x1" "x2"
1 +1.157889234e+02 +1.157889234e+02 +1.657489234e+02 +1.657489234e+02 -1.4562e+00 +1.9210e+00 +2.8468e+00 +4.5227e-01 -6.6745e-01 +5.5559e-01 -3.7488e+00 -3.2951e+00 -1.6066e+00 +2.1467e+00 -2.9848e+00 +9.4327e-01 -3.1175e+00 -3.6258e-01 -3.5541e+00 +1.5101e+00 +6.7510e-01 +4.2862e-01 -2.9226e+00 +3.1484e+00
45 +7.211616768e+01 +7.211616768e+01 +1.220761677e+02 +1.220761677e+02 +1.5088e+00 +1.9290e+00 +3.3030e+00 +4.2266e-01 -2.7940e+00 -2.9890e+00 -9.8033e-01 +3.7947e+00 +2.3400e-01 -1.2721e+00 -1.1181e-01 -2.1109e+00 -3.4820e-01 -1.4445e+00 -5.0653e-01 +3.6112e+00 -3.0640e+00 +3.4017e+00 +1.7407e+00 +1.3915e+00
131 +5.232283586e+01 +5.232283586e+01 +1.022828359e+02 +1.022828359e+02 -1.0792e+00 +3.3361e-01 +3.6810e+00 -2.6347e+00 -9.3251e-01 -3.5576e+00 -2.8731e+00 +1.4419e+00 -3.8587e+00 -1.7726e+00 -1.3614e+00 -1.7754e+00 +7.6938e-01 -8.4676e-01 +9.7276e-02 +1.2493e+00 -1.9451e+00 +1.0444e+00 -3.0256e+00 -1.4086e+00
"function evaluation" "noise-free fitness - Fopt (-1.266700000000e+02)" "best noise-free fitness - Fopt" "measured fitness" "best measured fitness" "x1" "x2"
1 +1.992120889e+02 +1.992120889e+02 +7.254208890e+01 +7.254208890e+01 +5.7010e-01 -7.4612e-01 -3.0073e+00 +3.1431e+00 -2.4596e-01 -1.0115e+00 +3.8764e+00 -2.6503e+00 +2.4538e+00 -2.4541e+00 -5.5421e-01 -2.7765e+00 -3.4526e+00 -2.7134e+00 +2.3506e+00 +5.0529e-01 +5.9236e-01 +9.4800e-01 +1.6711e+00 -5.9366e-01
5 +1.364848789e+02 +1.364848789e+02 +9.814878867e+00 +9.814878867e+00 +2.8492e+00 -1.9219e+00 -2.4457e+00 +3.7101e+00 +1.3284e+00 -4.1152e-01 +3.2270e+00 +1.5599e+00 -3.5153e+00 +1.9946e+00 -2.6026e+00 -3.7868e-02 -7.6042e-02 -3.9049e-03 -4.8292e-02 +1.9637e+00 -5.6284e-01 +9.7616e-01 -2.8325e+00 -6.0027e-01
14 +9.997035233e+01 +9.997035233e+01 -2.669964767e+01 -2.669964767e+01 -2.8410e+00 +2.2458e+00 +1.3413e+00 +1.5397e+00 +4.6540e-01 +2.6251e+00 +3.0652e+00 +1.2929e+00 -1.7730e+00 -3.6059e+00 -2.5740e+00 -1.6686e+00 +6.0076e-01 -1.0011e+00 +1.9912e+00 +3.7034e+00 -6.3314e-01 -8.4704e-01 -5.0001e-01 +2.0351e+00
356 +5.612357375e+01 +5.612357375e+01 -7.054642625e+01 -7.054642625e+01 -1.7458e+00 +2.5211e-01 +5.4162e-01 +7.1340e-01 -2.1172e+00 +1.1048e+00 +3.0574e+00 +2.6563e+00 -2.6183e+00 +8.4754e-01 +3.0173e+00 +1.8817e+00 -5.3523e-01 +3.9573e+00 -2.8818e+00 +2.5599e+00 -2.9864e+00 -3.9172e+00 -3.3135e+00 +3.1446e+00
"function evaluation" "noise-free fitness - Fopt (7.427000000000e+01)" "best noise-free fitness - Fopt" "measured fitness" "best measured fitness" "x1" "x2"
1 +1.073320501e+02 +1.073320501e+02 +1.816020501e+02 +1.816020501e+02 -2.9045e+00 -3.4575e+00 -3.0352e+00 -8.1335e-01 +2.8341e+00 -2.9555e+00 +1.3932e+00 +1.9525e+00 -4.3409e-01 +1.2286e+00 -3.4255e+00 -1.2319e+00 -1.1194e+00 +6.7783e-01 -1.3736e+00 -3.0607e+00 -1.7551e+00 +3.6704e-01 -3.0610e+00 -3.0705e+00
150 +5.140993361e+01 +5.140993361e+01 +1.256799336e+02 +1.256799336e+02 -2.8501e+00 -2.2115e+00 -1.7200e+00 +5.3099e-01 +3.2847e+00 -8.2577e-01 -1.1305e-01 -7.5608e-01 -3.0455e+00 -8.3246e-02 -1.7869e+00 -3.2248e+00 -1.7111e+00 +1.2100e+00 -1.3663e+00 -6.3231e-01 -1.9281e+00 -3.3816e+00 -1.6948e+00 -3.4034e-01
"function evaluation" "noise-free fitness - Fopt (-1.227000000000e+01)" "best noise-free fitness - Fopt" "measured fitness" "best measured fitness" "x1" "x2"
1 +1.464201618e+02 +1.464201618e+02 +1.341501618e+02 +1.341501618e+02 +1.2130e+00 -1.3151e+00 +1.9609e-01 -4.8575e-01 -5.3623e-01 -3.4049e+00 +1.0958e+00 +3.8667e+00 +3.9487e+00 +1.2511e+00 +2.0001e+00 +2.7346e+00 -2.6910e+00 +1.5497e-01 -2.6068e+00 -8.4502e-01 -2.2639e+00 +6.4394e-01 -1.8863e+00 -1.6155e+00
90 +8.392990452e+01 +8.392990452e+01 +7.165990452e+01 +7.165990452e+01 +2.0901e+00 +1.3328e+00 +2.8479e+00 -2.0048e+00 -1.0585e+00 +2.8873e+00 -2.0504e+00 +3.0032e+00 +1.6581e+00 -1.1679e+00 -1.5995e-01 -1.5240e+00 -3.0404e+00 -7.8716e-01 -5.0552e-01 +4.0155e-01 -1.3962e+00 +1.0202e+00 -6.6069e-02 +2.2888e+00
"function evaluation" "noise-free fitness - Fopt (-8.140000000000e+01)" "best noise-free fitness - Fopt" "measured fitness" "best measured fitness" "x1" "x2"
1 +1.678490912e+02 +1.678490912e+02 +8.644909121e+01 +8.644909121e+01 +5.7010e-01 -7.4612e-01 -3.0073e+00 +3.1431e+00 -2.4596e-01 -1.0115e+00 +3.8764e+00 -2.6503e+00 +2.4538e+00 -2.4541e+00 -5.5421e-01 -2.7765e+00 -3.4526e+00 -2.7134e+00 +2.3506e+00 +5.0529e-01 +5.9236e-01 +9.4800e-01 +1.6711e+00 -5.9366e-01
3 +1.504006416e+02 +1.504006416e+02 +6.900064161e+01 +6.900064161e+01 +1.8645e+00 -2.9181e+00 -1.1681e+00 -3.1186e+00 -3.8704e+00 +3.6374e+00 -5.6768e-01 +1.9986e+00 -6.5124e-01 -2.9999e+00 -2.5292e+00 -1.3618e+00 -1.5032e+00 +1.2109e+00 -3.2385e+00 -2.3297e-01 +3.2160e+00 +3.2917e+00 +4.5203e-01 -1.6000e+00
96 +8.532542296e+01 +8.532542296e+01 +3.925422965e+00 +3.925422965e+00 +1.2961e+00 +5.5261e-01 -3.9224e+00 +1.6391e+00 -3.6209e+00 +3.7051e+00 -4.1155e-01 -2.1153e+00 -3.2467e+00 -3.8543e+00 -1.0421e+00 +8.9310e-01 +1.6382e+00 -3.5536e+00 +3.4787e+00 -3.7383e+00 +2.0906e+00 +3.2109e+00 -3.1306e+00 -5.4721e-01
815 +5.880687384e+01 +5.880687384e+01 -2.259312616e+01 -2.259312616e+01 +4.9364e-02 +1.1671e-02 +3.4459e+00 +2.6528e+00 -2.8669e+00 +3.7393e+00 +1.2087e+00 +9.2499e-01 -3.5757e+00 +7.6695e-01 +2.1943e+00 -1.4593e+00 -6.1449e-01 -3.4195e+00 +2.5226e+00 -3.6327e-01 +6.3472e-01 +2.8954e+00 -6.5039e-01 +7.6299e-02
"function evaluation" "noise-free fitness - Fopt (-2.073900000000e+02)" "best noise-free fitness - Fopt" "measured fitness" "best measured fitness" "x1" "x2"
1 +2.198356688e+02 +2.198356688e+02 +1.244566880e+01 +1.244566880e+01 +6.5543e-01 -3.0942e+00 -3.2249e+00 -3.0613e+00 -2.3765e+00 -5.7246e-01 +3.8529e+00 +2.3752e+00 +1.7879e+00 +3.7719e+00 +3.3035e+00 -2.7283e+00 +1.7050e+00 +3.3703e+00 +1.1534e+00 -3.6927e+00 -2.6852e+00 -1.5861e+00 -2.8354e+00 -2.6185e-01
2 +1.569553538e+02 +1.569553538e+02 -5.043464621e+01 -5.043464621e+01 +4.6477e-02 +1.3371e+00 +1.0940e+00 -3.3544e+00 -3.7614e+00 +3.8366e+00 -3.0443e-01 -1.6455e+00 +4.8945e-01 -2.9722e+00 -3.7176e+00 -1.1553e+00 +9.1049e-01 +3.4486e+00 -3.0597e+00 +3.5279e+00 +2.7802e+00 -7.9705e-01 +1.2943e+00 +2.0416e+00
25 +8.910402178e+01 +8.910402178e+01 -1.182859782e+02 -1.182859782e+02 +1.2629e+00 -1.4633e-01 -2.6353e-01 -2.7055e+00 -9.0441e-01 +1.8017e+00 +2.2023e-01 +1.2360e+00 +1.3608e+00 +8.3040e-01 -2.9619e+00 +1.8709e+00 -1.1797e-01 +1.4063e+00 -1.9321e-02 +4.8092e-01 +4.3644e-01 -1.2191e+00 -2.7156e+00 -1.2820e-01
"function evaluation" "noise-free fitness - Fopt (-9.524000000000e+01)" "best noise-free fitness - Fopt" "measured fitness" "best measured fitness" "x1" "x2"
1 +2.564709788e+02 +2.564709788e+02 +1.612309788e+02 +1.612309788e+02 -2.3973e+00 +1.8450e+00 +9.0888e-01 -2.1079e+00 -1.0849e-02 +3.5360e+00 +3.7727e+00 +1.5586e+00 -1.1003e+00 +2.4947e+00 +3.0726e+00 -2.9719e+00 +3.3561e+00 -3.3344e+00 -3.5351e+00 +1.5041e+00 -3.8175e-01 -2.0551e+00 +3.4928e+00 +7.1890e-01
2 +1.547225629e+02 +1.547225629e+02 +5.948256285e+01 +5.948256285e+01 +6.9969e-01 -2.6804e+00 +3.2146e-01 +1.3872e+00 +2.8954e+00 +2.5577e-01 +3.2386e+00 -3.6115e-02 -7.8775e-01 -1.8881e+00 -1.2465e+00 +2.9722e+00 +2.9659e+00 -1.3916e-01 -2.8536e+00 -5.6899e-01 +1.1326e+00 +2.2563e-01 -8.9069e-01 +2.8083e-01
126 +5.732688950e+01 +5.732688950e+01 -3.791311050e+01 -3.791311050e+01 +3.5322e+00 +1.1515e+00 +1.4574e+00 +1.5466e+00 +3.5398e+00 +2.1187e+00 +1.4031e+00 +1.1235e+00 +3.9706e+00 +1.7294e-02 -8.8604e-01 +3.3578e+00 +2.0477e+00 +1.2510e+00 +1.2596e+00 +3.5899e+00 +3.4995e+00 +4.4275e-01 -1.3211e+00 -3.3159e+00
"function evaluation" "noise-free fitness - Fopt (-1.589200000000e+02)" "best noise-free fitness - Fopt" "measured fitness" "best measured fitness" "x1" "x2"
1 +2.798848906e+02 +2.798848906e+02 +1.209648906e+02 +1.209648906e+02 -2.6031e+00 +7.1679e-01 -3.2041e+00 -1.1660e+00 -3.4590e+00 -3.2477e+00 +1.7080e+00 -2.5304e+00 -2.9439e+00 -1.9708e+00 -1.6528e+00 -3.6301e+00 +1.8474e+00 +1.9926e+00 -4.6268e-01 -2.3365e+00 +4.5112e-01 -3.2670e+00 +1.3707e+00 -3.1575e+00
2 +1.443111051e+02 +1.443111051e+02 -1.460889488e+01 -1.460889488e+01 +3.0980e+00 +3.7163e-01 -1.9464e+00 +7.9182e-01 +1.4421e+00 +1.1248e+00 -2.0232e+00 +3.2888e+00 -2.9151e+00 -2.7553e+00 -3.1754e+00 +4.3584e-01 +1.1591e+00 +1.8750e+00 -1.5022e-01 +1.1527e+00 +9.1954e-01 -1.5636e+00 -7.0627e-01 -2.9463e+00
26 +9.262664510e+01 +9.262664510e+01 -6.629335490e+01 -6.629335490e+01 +1.4779e+00 -3.4931e+00 +3.7746e+00 -6.1683e-01 +1.2644e+00 -1.5330e+00 +9.1828e-01 +1.9447e+00 -1.1791e+00 -3.1821e+00 +2.3707e+00 +2.5640e+00 +2.3102e+00 +2.9618e-01 -3.2762e+00 -1.6236e+00 +3.4459e+00 +2.3432e+00 -2.5927e+00 +1.5158e+00
"function evaluation" "noise-free fitness - Fopt (1.347300000000e+02)" "best noise-free fitness - Fopt" "measured fitness" "best measured fitness" "x1" "x2"
1 +2.173043892e+02 +2.173043892e+02 +3.520343892e+02 +3.520343892e+02 -1.6163e+00 +3.3555e+00 +8.0756e-01 +2.0309e+00 +2.8355e+00 +1.2115e+00 -8.0082e-01 +2.9014e+00 -3.0434e+00 -1.3753e+00 +2.9812e+00 +2.3144e+00 +3.7429e+00 +1.2847e+00 -1.3754e+00 +2.5506e-01 -1.1490e+00 -1.7283e+00 +2.6184e+00 -1.8103e+00
13 +1.097530168e+02 +1.097530168e+02 +2.444830168e+02 +2.444830168e+02 +1.1550e+00 -1.7401e+00 -1.6453e+00 -1.9109e+00 +2.4037e+00 +2.7962e-01 +3.5702e+00 +2.9178e+00 -2.2911e+00 -3.9339e+00 -1.8199e+00 -1.6924e+00 +2.8802e+00 +3.1154e+00 +1.9977e+00 +1.4049e+00 +1.2943e+00 -2.1154e+00 -1.9410e+00 -3.4817e+00
52 +9.087287572e+01 +9.087287572e+01 +2.256028757e+02 +2.256028757e+02 -5.5470e-01 -2.9671e+00 -2.2421e+00 -3.6739e+00 +2.4345e+00 +2.1643e+00 +1.3598e+00 +1.8775e+00 -3.5338e+00 -1.6938e-01 -3.4631e+00 -2.4553e+00 -1.2838e+00 +2.6377e+00 -9.1402e-01 +3.1498e-01 +3.7230e+00 -3.2676e+00 +5.8447e-01 -1.4363e+00
"function evaluation" "noise-free fitness - Fopt (1.520000000000e+00)" "best noise-free fitness - Fopt" "measured fitness" "best measured fitness" "x1" "x2"
1 +3.324402379e+02 +3.324402379e+02 +3.339602379e+02 +3.339602379e+02 -3.2843e+00 +3.4447e+00 +2.6892e+00 +3.0468e+00 -3.3342e+00 -3.3067e+00 +1.4015e+00 +1.6697e+00 -1.0342e+00 +2.7463e-02 -2.5523e+00 +6.8465e-01 -1.0912e+00 +3.0940e+00 +3.2532e+00 -2.2579e+00 -7.3656e-01 -1.4541e-01 -5.5393e-01 +8.9763e-01
2 +1.747855099e+02 +1.747855099e+02 +1.763055099e+02 +1.763055099e+02 -2.0300e+00 -1.9045e+00 -2.7553e+00 -3.3697e+00 +3.3159e-01 +2.0078e+00 +9.1763e-01 +2.8147e+00 -1.9453e+00 -3.2910e-01 +9.2565e-01 +2.8966e+00 -3.5091e+00 -7.9571e-01 +5.3455e-01 +9.7884e-01 +3.4900e+00 -3.0598e+00 -2.4531e-01 +9.4963e-01
3 +1.201046143e+02 +1.201046143e+02 +1.216246143e+02 +1.216246143e+02 -3.9115e+00 -1.3769e+00 -3.7863e+00 -3.8269e+00 -3.4260e+00 -1.4433e+00 -4.2726e-01 -3.2037e+00 +2.1299e+00 +1.7262e+00 +1.5984e+00 -4.1198e-01 +3.6339e+00 -3.3171e-01 +2.4878e-01 -8.5874e-01 -1.4527e-01 -8.1630e-01 +1.9280e+00 -2.5069e+00
247 +8.614815312e+01 +8.614815312e+01 +8.766815312e+01 +8.766815312e+01 +3.1686e+00 +1.5040e-01 -2.8676e+00 -2.4492e+00 -3.5583e+00 +1.6169e+00 +1.9678e+00 -6.8905e-01 +3.8747e+00 +1.3089e+00 +2.3530e+00 +2.2404e+00 +1.5704e+00 -1.0725e+00 -3.5260e+00 +1.8397e+00 +3.2400e+00 -3.0773e-01 -1.9178e+00 -1.7581e+00
"function evaluation" "noise-free fitness - Fopt (4.530000000000e+01)" "best noise-free fitness - Fopt" "measured fitness" "best measured fitness" "x1" "x2"
1 +1.759491952e+02 +1.759491952e+02 +2.212491952e+02 +2.212491952e+02 +1.5911e+00 +3.9507e+00 +1.1331e+00 -2.6103e+00 -1.9128e+00 +8.5562e-01 -1.5088e+00 -3.2931e+00 +7.0531e-01 -2.9605e+00 -3.6430e+00 +1.4791e+00 +3.9543e+00 -2.9349e-01 -2.4705e+00 -2.0827e+00 -3.2205e+00 +3.7997e+00 -1.5895e+00 -1.4190e+00
2 +1.370846423e+02 +1.370846423e+02 +1.823846423e+02 +1.823846423e+02 -4.9726e-02 +1.1815e+00 +3.9211e+00 -3.8479e+00 -3.1063e+00 -3.7053e+00 -3.7247e-01 +3.2950e+00 -2.4709e+00 +1.7975e+00 +3.2038e+00 +8.0189e-02 +8.6932e-01 +1.9116e+00 +2.6416e+00 -1.8091e+00 -1.8060e+00 +1.6047e+00 -2.6659e+00 +3.8003e+00
14 +9.699957116e+01 +9.699957116e+01 +1.422995712e+02 +1.422995712e+02 +3.5047e+00 +2.1280e+00 +2.4259e+00 +2.9625e+00 -7.8478e-01 -2.8841e+00 +9.9641e-01 +2.9227e+00 -3.4501e+00 -3.5692e+00 -1.7684e+00 +3.8713e+00 +1.7769e+00 +8.0834e-02 +1.6426e+00 -1.3632e+00 -1.1083e+00 -1.0107e+00 -1.0746e-01 +2.6708e+00
"function evaluation" "noise-free fitness - Fopt (-1.605700000000e+02)" "best noise-free fitness - Fopt" "measured fitness" "best measured fitness" "x1" "x2"
1 +2.390069714e+02 +2.390069714e+02 +7.843697135e+01 +7.843697135e+01 +2.8921e+00 +2.7573e+00 +8.8357e-01 -2.2761e+00 +2.1050e+00 -1.1360e+00 -2.1312e+00 +1.3092e+00 +3.4782e+00 +2.5820e-01 -2.6579e+00 +1.3518e+00 +3.8309e-01 +3.2217e+00 -3.7395e+00 -3.3709e+00 -4.3640e-01 +1.5653e+00 +3.8956e+00 +1.6577e-01
2 +1.220639057e+02 +1.220639057e+02 -3.850609427e+01 -3.850609427e+01 -1.1946e+00 +1.3165e+00 +2.5174e+00 +2.5750e+00 +1.2100e+00 -3.0184e+00 +3.8213e+00 -2.5866e+00 -3.2071e+00 -2.9564e+00 +3.7169e+00 +1.6992e+00 +1.1176e+00 +1.0262e+00 -2.3223e+00 +1.1665e+00 +3.5859e+00 +9.2004e-01 +2.3575e+00 +1.2313e+00
40 +7.205758651e+01 +7.205758651e+01 -8.851241349e+01 -8.851241349e+01 -3.2771e-01 +3.1237e+00 +6.5970e-01 -1.3720e+00 +1.4918e+00 -9.7614e-01 +3.4702e+00 +1.1218e+00 -1.7807e+00 -6.6176e-01 +3.7652e+00 +3.3988e+00 +1.2567e+00 -3.7079e+00 -1.5076e+00 -2.7036e+00 +2.6865e+00 +3.0470e-01 +2.8004e+00 +1.1220e+00
512 +6.233305112e+01 +6.233305112e+01 -9.823694888e+01 -9.823694888e+01 -1.2488e+00 +2.2475e+00 +1.7555e+00 -3.0520e+00 +1.2702e+00 -1.9585e+00 +1.4518e+00 -1.5776e+00 -1.1230e+00 -2.6650e+00 +3.8904e+00 +2.6345e+00 +3.4423e-01 -3.4906e+00 +7.3861e-01 -1.6761e-01 +8.0714e-01 -3.4663e+00 -1.9487e+00 -1.1008e+00
"function evaluation" "noise-free fitness - Fopt (-2.916100000000e+02)" "best noise-free fitness - Fopt" "measured fitness" "best measured fitness" "x1" "x2"
1 +2.468658859e+02 +2.468658859e+02 -4.474411414e+01 -4.474411414e+01 +1.9099e-01 -3.8759e+00 -2.8000e+00 -9.0019e-01 -3.5319e+00 -9.3319e-01 +3.8801e+00 -2.8600e-01 +3.7077e+00 -3.9003e+00 +2.1501e+00 -2.6194e+00 -6.8127e-01 -7.5511e-01 +1.1853e+00 +1.0476e+00 -3.3744e+00 +3.2393e+00 -1.4085e+00 -1.7572e+00
2 +1.526398357e+02 +1.526398357e+02 -1.389701643e+02 -1.389701643e+02 -3.7679e+00 +3.2972e+00 +5.0966e-01 -3.9596e-01 -2.5968e+00 -3.6244e+00 -3.2378e+00 +2.7993e+00 -2.7737e+00 +3.1374e+00 +2.2876e+00 +2.8276e-01 -1.3893e-02 -5.1159e-01 -1.2447e+00 +1.5799e-01 +2.0875e+00 -3.8757e+00 +1.3421e+00 -3.2096e+00
7 +8.936742997e+01 +8.936742997e+01 -2.022425700e+02 -2.022425700e+02 +1.2925e-01 +2.2710e+00 +7.4483e-01 +1.2110e+00 +2.5433e+00 -3.0141e+00 -1.6365e+00 -2.3827e+00 +9.0931e-01 +2.6772e+00 +3.8917e+00 -2.9693e-01 -1.1051e+00 +2.7084e+00 +1.8985e+00 -2.3971e+00 -1.1948e+00 -1.8480e+00 +2.9691e+00 -9.3090e-01
921 +6.234203842e+01 +6.234203842e+01 -2.292679616e+02 -2.292679616e+02 -1.7214e+00 +4.2546e-01 +2.6610e+00 +2.3967e+00 +1.6195e+00 -3.9436e+00 -3.1228e+00 +2.2804e+00 -1.2219e+00 -1.7384e+00 -1.6709e+00 -1.3825e+00 +2.5561e+00 +2.2786e+00 +2.8380e+00 -5.2281e-01 +1.1897e+00 +2.5654e+00 -6.8856e-01 +9.4658e-01
"function evaluation" "noise-free fitness - Fopt (-8.736000000000e+01)" "best noise-free fitness - Fopt" "measured fitness" "best measured fitness" "x1" "x2"
1 +1.676869702e+02 +1.676869702e+02 +8.032697020e+01 +8.032697020e+01 +2.4584e+00 -3.3120e+00 -7.4227e-01 -2.4950e-02 -2.4819e+00 -5.1329e-01 -1.2206e+00 +2.0394e+00 -3.3772e+00 -2.9186e+00 -2.9499e+00 +1.2773e+00 -3.0289e+00 +1.3974e+00 +2.4793e+00 +2.3233e+00 -2.1376e-01 -7.8271e-01 +1.2247e+00 -3.3077e+00
7 +1.566317277e+02 +1.566317277e+02 +6.927172771e+01 +6.927172771e+01 -6.5984e-01 -1.2951e+00 +1.4417e+00 -1.5099e+00 +1.3599e+00 -2.1634e+00 -2.4178e+00 +2.6403e+00 +2.8008e+00 +3.3249e+00 -2.4700e+00 -2.0933e+00 +2.4754e+00 -9.1998e-01 +8.0147e-02 +1.0467e+00 +5.2923e-01 -1.5928e+00 -2.9212e-01 +2.4352e+00
110 +9.948175726e+01 +9.948175726e+01 +1.212175726e+01 +1.212175726e+01 -3.4666e+00 +1.5705e+00 +2.4950e+00 +1.3998e+00 -1.9681e+00 -3.9980e-01 -3.9882e+00 +8.4106e-01 +1.5720e+00 +1.2140e-01 +1.0037e+00 -1.6278e+00 +2.1641e+00 -4.3681e-01 +2.0250e+00 +3.1126e+00 +2.3810e-01 -2.4645e+00 +7.0132e-01 +3.2294e+00
123 +5.605247573e+01 +5.605247573e+01 -3.130752427e+01 -3.130752427e+01 -1.0627e+00 -2.4511e+00 +2.7280e+00 -3.7432e+00 -3.9240e+00 +9.0241e-01 -1.2861e+00 -6.1609e-01 -2.7067e+00 -1.9150e+00 +2.7893e-02 -3.7963e+00 +2.0125e+00 -5.6370e-01 +1.5956e+00 -2.1172e+00 -1.6386e+00 -2.6203e+00 -1.0294e+00 +9.0552e-01
"function evaluation" "noise-free fitness - Fopt (1.000000000000e+03)" "best noise-free fitness - Fopt" "measured fitness" "best measured fitness" "x1" "x2"
1 +2.874015185e+02 +2.874015185e+02 +1.287401518e+03 +1.287401518e+03 -3.1468e+00 -2.2447e+00 +2.1041e+00 +2.8891e+00 +3.3243e+00 +5.8853e-01 -1.0906e+00 +3.7916e+00 +4.9885e-01 -2.7365e+00 +1.9694e+00 -1.9745e+00 -3.5384e+00 -3.8369e+00 -3.8398e+00 -1.8626e-01 +2.0742e+00 +3.5064e+00 +3.4044e+00 -3.6527e+00
2 +2.295203122e+02 +2.295203122e+02 +1.229520312e+03 +1.229520312e+03 -1.9097e+00 -3.4429e+00 -3.2826e+00 -2.0540e+00 -2.0123e+00 +3.6319e+00 -1.4603e+00 +1.1739e+00 +1.7778e+00 +3.8079e+00 +3.9745e+00 -2.0304e+00 +1.4271e+00 -6.8681e-01 +3.0487e+00 -8.1128e-01 -7.7398e-01 -1.9771e+00 +4.6690e-01 -1.3631e+00
35 +1.580059727e+02 +1.580059727e+02 +1.158005973e+03 +1.158005973e+03 +4.2452e-01 -3.4054e+00 +2.6069e+00 +3.4262e+00 +2.3533e+00 +2.1677e+00 -3.8209e+00 -1.0115e+00 +1.7091e+00 +5.5646e-01 -3.2788e+00 -1.1137e-01 -1.9241e+00 +4.2056e-01 -5.5962e-01 +1.6620e+00 +2.4565e+00 +2.7908e+00 -1.7708e+00 +3.8521e+00
67 +8.772001109e+01 +8.772001109e+01 +1.087720011e+03 +1.087720011e+03 -2.7427e+00 -3.2324e+00 +1.0585e+00 -3.6375e+00 +6.0389e-02 -7.1815e-01 +5.3161e-01 -2.5194e+00 +1.9638e+00 +2.1719e+00 +1.5757e+00 -2.4030e+00 +1.2789e+00 -7.8733e-01 +7.1098e-01 +6.1558e-01 -3.0312e-01 -7.4780e-01 -1.1222e+00 +3.5590e+00
"function evaluation" "noise-free fitness - Fopt (2.887300000000e+02)" "best noise-free fitness - Fopt" "measured fitness" "best measured fitness" "x1" "x2"
1 +1.629365218e+02 +1.629365218e+02 +4.516665218e+02 +4.516665218e+02 -2.6069e+00 -6.1738e-01 -2.4206e+00 +1.1614e+00 +3.5726e+00 -7.3949e-01 -3.3923e+00 -2.6738e+00 -3.7605e+00 +1.0223e+00 -2.8492e+00 -1.9546e+00 -2.4241e+00 +9.2628e-01 -8.8661e-01 -2.4911e+00 -2.0047e+00 +2.9821e+00 +1.3810e+00 +4.1575e-01
10 +1.364291544e+02 +1.364291544e+02 +4.251591544e+02 +4.251591544e+02 +9.9433e-01 +6.0490e-01 -2.1515e+00 -2.1705e+00 +7.6500e-01 +2.3732e+00 -1.8192e+00 +1.3199e+00 -3.3362e+00 -3.4416e+00 -2.8005e+00 +2.3981e+00 +3.1181e+00 -3.7378e+00 -2.2162e-01 -2.2659e+00 +2.0858e+00 +5.7236e-01 +1.6886e+00 -9.4216e-01
30 +8.127797783e+01 +8.127797783e+01 +3.700079778e+02 +3.700079778e+02 +3.0157e+00 +8.9300e-01 -9.7092e-01 -2.5173e+00 +2.2650e+00 +2.1373e+00 -9.4036e-01 +1.1359e+00 +1.7952e+00 +1.0980e+00 +6.9569e-01 -1.6847e+00 -9.3076e-01 -1.9635e-01 -3.7318e+00 +3.8844e+00 -2.2382e+00 +2.6609e+00 +1.9404e+00 -8.2705e-01
464 +5.208383819e+01 +5.208383819e+01 +3.408138382e+02 +3.408138382e+02 -4.9594e-01 +1.7533e+00 +2.4480e+00 -3.3433e+00 -8.3563e-01 +2.2276e+00 -1.2345e+00 +3.7395e+00 -6.3365e-02 +1.6375e+00 +1.6918e+00 -1.9431e+00 +1.4899e+00 -6.6535e-01 -3.5991e+00 +3.9319e+00 +1.4363e+00 +3.7687e+00 +1.4869e+00 -1.0131e+00
"function evaluation" "noise-free fitness - Fopt (-3.046000000000e+01)" "best noise-free fitness - Fopt" "measured fitness" "best measured fitness" "x1" "x2"
1 +3.417031983e+02 +3.417031983e+02 +3.112431983e+02 +3.112431983e+02 +2.0406e+00 -2.5589e+00 -3.7507e+00 -3.0944e+00 -2.7295e+00 -3.9028e+00 -2.0415e+00 -3.3985e+00 -6.2817e-01 +3.4577e+00 +3.4003e+00 -1.4300e+00 -1.0324e+00 -1.4346e+00 -6.8946e-01 -2.7495e+00 +3.9499e+00 -2.8101e+00 -1.0895e+00 +3.7089e-01
5 +2.170862793e+02 +2.170862793e+02 +1.866262793e+02 +1.866262793e+02 -3.3501e+00 -3.9054e-01 +2.4984e+00 -1.0829e+00 +2.9906e-01 +7.9733e-01 -1.9013e+00 -2.9563e+00 +2.7033e+00 -1.7440e+00 +3.9544e+00 -2.4494e-01 +3.8010e+00 -3.4049e+00 +3.5882e+00 +1.5014e+00 -2.5054e-01 -1.4497e+00 +1.9972e+00 +3.1187e+00
6 +1.394973593e+02 +1.394973593e+02 +1.090373593e+02 +1.090373593e+02 +8.2982e-01 +3.3355e+00 -1.2940e+00 +3.7960e+00 +2.8041e+00 -1.4452e+00 +6.2496e-01 +8.2025e-01 +8.4670e-01 -3.0648e+00 +3.7294e+00 +1.7490e+00 +2.3321e+00 -3.6642e+00 -4.9062e-01 +9.3321e-01 -3.0413e+00 +3.7394e+00 -1.4086e+00 +1.9120e-01
124 +8.049502002e+01 +8.049502002e+01 +5.003502002e+01 +5.003502002e+01 +2.6473e+00 -2.1352e+00 +2.4296e+00 -1.0566e+00 -8.4957e-01 -1.5714e+00 -8.3805e-01 -2.4615e+00 -1.0578e+00 -1.0995e+00 +1.8445e+00 +5.4125e-01 +3.5035e+00 -2.6892e+00 +8.3304e-01 -2.7861e-02 -3.1422e+00 +1.5724e+00 -1.4742e+00 +3.8694e+00
"function evaluation" "noise-free fitness - Fopt (-1.184600000000e+02)" "best noise-free fitness - Fopt" "measured fitness" "best measured fitness" "x1" "x2"
1 +2.342573812e+02 +2.342573812e+02 +1.157973812e+02 +1.157973812e+02 +3.4739e+00 +1.3109e+00 +3.0816e+00 -3.1328e+00 -9.5468e-01 -1.7045e+00 +3.6593e-01 +4.8375e-01 -4.7415e-03 +2.8518e+00 +8.4519e-01 +3.2121e+00 -3.5396e+00 -2.3434e+00 -1.0461e+00 +3.7347e+00 +2.0137e+00 +1.2775e-01 -1.4044e+00 -2.5616e+00
16 +1.211349623e+02 +1.211349623e+02 +2.674962266e+00 +2.674962266e+00 +3.1812e+00 -1.1303e+00 +2.4349e+00 -3.5779e+00 +3.6453e+00 +2.1925e-02 -2.5832e+00 +1.6939e+00 +2.8488e+00 -5.9714e-01 +3.7658e+00 +2.3031e-01 -1.4858e+00 -1.8274e+00 +2.0187e+00 -1.2565e+00 +2.4915e+00 -5.5551e-01 -7.9688e-01 -1.3220e+00
731 +7.382831369e+01 +7.382831369e+01 -4.463168631e+01 -4.463168631e+01 +3.4332e+00 -2.1852e+00 +3.0090e-01 -3.7013e+00 +3.6287e+00 -1.0033e+00 -3.4288e+00 +3.6285e+00 -1.5466e+00 +8.2869e-01 +3.5948e+00 +1.9755e+00 +2.5208e-01 -2.8720e+00 +1.9036e+00 -6.5005e-01 -3.9701e+00 +2.8071e+00 -3.0958e+00 -1.2513e+00
"function evaluation" "noise-free fitness - Fopt (2.230000000000e+00)" "best noise-free fitness - Fopt" "measured fitness" "best measured fitness" "x1" "x2"
1 +2.094461236e+02 +2.094461236e+02 +2.116761236e+02 +2.116761236e+02 +2.0296e+00 +1.9991e+00 +3.2234e+00 +8.9147e-01 -1.6935e+00 -1.8736e+00 -2.2827e+00 -3.4176e+00 -3.4332e+00 -7.2395e-02 -3.4760e+00 +3.2311e+00 +2.7768e+00 +2.0636e+00 -2.6578e+00 -3.2965e-01 -3.1240e+00 +2.6744e+00 +1.7895e+00 -3.1842e+00
3 +1.555100007e+02 +1.555100007e+02 +1.577400007e+02 +1.577400007e+02 +2.0507e+00 -1.6655e+00 -2.4767e+00 +8.1151e-01 -4.3604e-01 -1.8604e+00 +2.5749e+00 -6.6910e-01 -3.3592e+00 +2.1135e+00 +2.4505e+00 -9.1423e-01 +2.7756e+00 -1.3176e+00 -2.7956e+00 -5.1344e-01 -9.5336e-01 -2.6451e+00 -1.2233e+00 -1.9397e+00
88 +5.958124518e+01 +5.958124518e+01 +6.181124518e+01 +6.181124518e+01 +3.9669e+00 -1.5714e+00 +1.6207e+00 +8.8059e-01 +3.8210e+00 -3.8907e+00 +1.1245e+00 -1.0043e+00 -1.7469e+00 +1.3273e+00 -5.5696e-01 -3.3275e+00 +1.7982e+00 -4.2626e-02 -2.8186e+00 -9.3339e-01 -9.9079e-02 +1.6673e+00 +6.3382e-01 +1.3438e+00
"function evaluation" "noise-free fitness - Fopt (-1.308000000000e+01)" "best noise-free fitness - Fopt" "measured fitness" "best measured fitness" "x1" "x2"
1 +2.307188141e+02 +2.307188141e+02 +2.176388141e+02 +2.176388141e+02 -1.8856e+00 -2.0242e+00 +2.3026e+00 -2.7744e+00 +3.4556e+00 -8.1336e-01 -2.1563e+00 +3.3040e+00 -3.6316e+00 -2.7863e+00 -2.4315e+00 +1.1306e+00 -2.7524e+00 +3.2709e+00 -3.9295e+00 +2.4582e-02 -1.3917e+00 +6.8373e-02 +9.4359e-01 +3.1013e+00
8 +1.267070871e+02 +1.267070871e+02 +1.136270871e+02 +1.136270871e+02 +2.2316e+00 -1.8500e+00 -1.1913e+00 +1.4041e+00 -2.5847e+00 -3.6926e+00 +2.9319e+00 -9.9246e-01 +1.9918e+00 -3.0516e+00 +3.8788e+00 +9.3787e-03 -3.4869e+00 -3.8263e+00 +3.3945e+00 -1.0430e-01 -3.5326e+00 +3.7339e+00 +3.2819e-01 +3.7788e+00
63 +7.933821425e+01 +7.933821425e+01 +6.625821425e+01 +6.625821425e+01 -1.7422e+00 -1.0485e+00 +2.4516e+00 +1.7645e+00 -1.0891e+00 +1.4416e+00 +1.6946e+00 -2.8136e+00 +1.5974e+00 -1.7474e+00 +3.3737e+00 -1.7879e+00 +3.3335e+00 -2.5532e+00 +1.7044e+00 +2.3117e+00 -3.5115e-01 -1.2100e+00 -8.8389e-01 +3.3739e+00
372 +5.992584876e+01 +5.992584876e+01 +4.684584876e+01 +4.684584876e+01 +2.5583e+00 -3.2427e+00 +2.8369e+00 +9.2337e-02 +2.1103e-01 -2.9574e+00 +3.3334e+00 -3.1033e+00 -1.8149e+00 -2.0076e+00 +2.8155e+00 -2.1417e+00 +1.0879e+00 +1.9531e-01 +2.9165e+00 -3.2635e+00 +7.2744e-01 -1.9186e+00 -1.3629e+00 +2.5137e+00
"function evaluation" "noise-free fitness - Fopt (2.671600000000e+02)" "best noise-free fitness - Fopt" "measured fitness" "best measured fitness" "x1" "x2"
1 +1.734798865e+02 +1.734798865e+02 +4.406398865e+02 +4.406398865e+02 -1.8856e+00 -2.0242e+00 +2.3026e+00 -2.7744e+00 +3.4556e+00 -8.1336e-01 -2.1563e+00 +3.3040e+00 -3.6316e+00 -2.7863e+00 -2.4315e+00 +1.1306e+00 -2.7524e+00 +3.2709e+00 -3.9295e+00 +2.4582e-02 -1.3917e+00 +6.8373e-02 +9.4359e-01 +3.1013e+00
13 +1.572462119e+02 +1.572462119e+02 +4.244062119e+02 +4.244062119e+02 -8.8526e-02 -2.1659e+00 -2.9276e+00 +1.7693e+00 +3.2188e+00 -3.1917e+00 -2.6934e+00 +9.3138e-01 +1.1749e-01 -5.1681e-01 -1.9657e+00 +2.2771e+00 +1.7483e+00 +1.0835e+00 +3.0711e+00 +1.6783e+00 +4.7780e-01 +3.0712e+00 -2.9247e+00 +2.6333e+00
41 +5.042157746e+01 +5.042157746e+01 +3.175815775e+02 +3.175815775e+02 -3.2163e+00 -3.1415e+00 -9.2478e-01 -1.5986e+00 +8.1724e-01 -3.8426e+00 +2.8471e+00 +2.2590e-01 -3.4272e+00 -2.9734e-01 -1.9289e+00 +1.0102e+00 +9.1298e-01 -3.3038e+00 -4.3595e-01 -7.0517e-01 +1.2307e+00 +2.9323e+00 +1.6443e+00 -3.4801e-01
"function evaluation" "noise-free fitness - Fopt (3.710000000000e+00)" "best noise-free fitness - Fopt" "measured fitness" "best measured fitness" "x1" "x2"
1 +1.888309067e+02 +1.888309067e+02 +1.925409067e+02 +1.925409067e+02 -2.7313e-01 -1.3765e+00 +3.2426e+00 -6.5607e-01 -5.2720e-01 +2.5725e+00 -3.8510e+00 -3.9415e+00 +1.6174e+00 -3.3994e+00 +2.2556e+00 +2.2544e+00 +1.5570e+00 -4.9095e-01 +1.3288e+00 -3.9812e+00 -3.2149e-01 +1.8434e+00 +1.2519e-01 +2.8880e+00
10 +9.258900536e+01 +9.258900536e+01 +9.629900536e+01 +9.629900536e+01 +1.2938e+00 +9.3539e-01 -6.6009e-01 -2.8413e+00 -9.7622e-01 +3.0022e+00 -2.8941e+00 +1.7870e+00 +2.7499e+00 +2.1472e+00 -2.3006e+00 +3.7055e-01 -2.4853e+00 -1.3166e+00 -1.7802e+00 -3.0773e-01 +3.6270e-01 -8.3671e-01 +6.7635e-01 -1.3774e+00
667 +4.508728687e+01 +4.508728687e+01 +4.879728687e+01 +4.879728687e+01 +3.8268e+00 -3.6346e+00 +2.3493e-02 -6.8917e-01 +2.2639e+00 -1.0213e+00 -2.5924e+00 +1.0362e+00 +5.0456e-01 -3.1736e+00 -1.7156e+00 -8.8654e-01 -5.3376e-01 -1.3703e+00 +1.2896e+00 -3.5477e+00 -3.0176e+00 -8.7636e-01 -3.2538e+00 -1.1202e-01
"function evaluation" "noise-free fitness - Fopt (9.478000000000e+01)" "best noise-free fitness - Fopt" "measured fitness" "best measured fitness" "x1" "x2"
1 +1.441649416e+02 +1.441649416e+02 +2.389449416e+02 +2.389449416e+02 +3.4739e+00 +1.3109e+00 +3.0816e+00 -3.1328e+00 -9.5468e-01 -1.7045e+00 +3.6593e-01 +4.8375e-01 -4.7415e-03 +2.8518e+00 +8.4519e-01 +3.2121e+00 -3.5396e+00 -2.3434e+00 -1.0461e+00 +3.7347e+00 +2.0137e+00 +1.2775e-01 -1.4044e+00 -2.5616e+00
8 +9.101602098e+01 +9.101602098e+01 +1.857960210e+02 +1.857960210e+02 -1.6855e-01 -1.3248e+00 +3.0756e+00 +1.8188e-01 +2.0708e+00 +1.9070e+00 +9.8703e-01 +3.2439e+00 +3.8516e+00 -7.0420e-01 +1.7134e+00 -1.9002e+00 -1.9608e-01 +3.0366e+00 -5.8996e-01 -3.1884e+00 +3.7987e+00 -1.3278e+00 +9.4158e-01 -2.5734e+00
"function evaluation" "noise-free fitness - Fopt (2.339200000000e+02)" "best noise-free fitness - Fopt" "measured fitness" "best measured fitness" "x1" "x2"
1 +2.471009659e+02 +2.471009659e+02 +4.810209659e+02 +4.810209659e+02 -2.7313e-01 -1.3765e+00 +3.2426e+00 -6.5607e-01 -5.2720e-01 +2.5725e+00 -3.8510e+00 -3.9415e+00 +1.6174e+00 -3.3994e+00 +2.2556e+00 +2.2544e+00 +1.5570e+00 -4.9095e-01 +1.3288e+00 -3.9812e+00 -3.2149e-01 +1.8434e+00 +1.2519e-01 +2.8880e+00
6 +1.409430520e+02 +1.409430520e+02 +3.748630520e+02 +3.748630520e+02 -4.2224e-01 -2.9548e+00 -1.5650e+00 -1.7350e+00 +2.3696e-01 +4.5090e-01 -1.8976e+00 -8.9431e-01 -1.7206e+00 +1.9449e+00 +7.7917e-01 +1.8989e+00 -2.8942e+00 -2.9488e+00 +2.2750e+00 -3.1222e+00 +1.2581e+00 +1.6904e+00 -1.1632e+00 +3.6883e+00
8 +8.874513731e+01 +8.874513731e+01 +3.226651373e+02 +3.226651373e+02 +2.2525e-01 +1.2768e+00 -3.6393e+00 -1.5404e+00 -8.7801e-01 +3.8290e+00 -4.6214e-01 +3.3329e+00 +8.6311e-01 +3.9611e+00 -1.2199e+00 +3.9328e+00 -3.4471e-01 +1.9430e+00 -1.4799e-01 +3.1755e+00 -3.4697e-01 -1.7152e+00 -9.2639e-01 -3.4713e+00
"function evaluation" "noise-free fitness - Fopt (-6.092000000000e+01)" "best noise-free fitness - Fopt" "measured fitness" "best measured fitness" "x1" "x2"
1 +2.348948310e+02 +2.348948310e+02 +1.739748310e+02 +1.739748310e+02 -1.7548e+00 -3.8460e+00 +1.7076e+00 -1.4920e+00 +1.1530e+00 -3.3928e+00 +3.8487e+00 +3.2996e+00 -8.3310e-01 +1.8157e+00 -1.4585e+00 +2.7131e+00 +2.1866e+00 +9.6071e-01 -2.6389e+00 -5.1078e-01 -7.6804e-01 +2.5061e+00 -3.3655e+00 -1.9748e+00
8 +1.509660469e+02 +1.509660469e+02 +9.004604687e+01 +9.004604687e+01 -3.0052e+00 +2.6166e+00 +2.9246e+00 -2.0739e-01 -9.8060e-01 +2.1472e+00 +8.1735e-01 +8.0850e-01 -2.8132e+00 +3.4752e+00 -2.8082e+00 +2.5743e+00 -2.1715e+00 +3.6121e+00 -1.3172e+00 -1.0373e+00 +1.9190e+00 -3.3588e+00 -3.4921e+00 -2.3508e+00
593 +9.854020603e+01 +9.854020603e+01 +3.762020603e+01 +3.762020603e+01 +5.2092e-01 -2.8837e+00 +1.4764e-01 +1.4748e+00 -1.1211e+00 +3.7320e+00 +6.2951e-01 -2.2579e-01 -3.6875e+00 +2.3681e-01 -3.8725e+00 +2.0570e+00 -1.9830e+00 -1.8947e+00 +1.3965e+00 -2.3230e+00 -1.0153e-01 +2.3650e+00 +1.9099e+00 +1.5125e+00
"function evaluation" "noise-free fitness - Fopt (-1.948000000000e+01)" "best noise-free fitness - Fopt" "measured fitness" "best measured fitness" "x1" "x2"
1 +2.294408594e+02 +2.294408594e+02 +2.099608594e+02 +2.099608594e+02 +2.2121e+00 +5.1701e-02 -2.5851e+00 -2.1256e+00 -5.9895e-01 -1.5971e+00 +8.9328e-01 -1.3012e+00 +1.8039e+00 -2.9119e+00 +7.9276e-01 -2.8325e+00 -3.9573e+00 -1.2955e+00 +1.4393e+00 +3.3319e+00 +1.6225e+00 +2.5229e+00 -7.3959e-01 -2.6423e+00
5 +1.125617929e+02 +1.125617929e+02 +9.308179289e+01 +9.308179289e+01 +1.0141e+00 -3.5495e+00 -3.4652e-01 -4.4852e-01 -5.5756e-01 +1.4446e+00 -6.6974e-02 -1.7416e+00 +2.1723e+00 +4.3098e-01 -2.4181e+00 -7.2362e-01 -1.2723e+00 +2.1850e+00 +1.7798e+00 +1.8924e-01 -2.6028e+00 +1.2769e+00 +1.5687e-01 +4.6679e-01
72 +9.853344458e+01 +9.853344458e+01 +7.905344458e+01 +7.905344458e+01 +2.3633e+00 +7.5385e-01 +4.6636e-01 +1.9162e+00 +2.3156e+00 -1.8513e+00 -1.4429e+00 -1.7169e+00 -1.0759e+00 -3.1613e-01 -1.8536e+00 +9.1119e-01 +3.5790e+00 +4.8970e-01 +3.2586e+00 -1.7470e+00 +2.9613e+00 +1.2137e+00 +1.9015e+00 +2.1337e+00
"function evaluation" "noise-free fitness - Fopt (1.344700000000e+02)" "best noise-free fitness - Fopt" "measured fitness" "best measured fitness" "x1" "x2"
1 +1.986551560e+02 +1.986551560e+02 +3.331251560e+02 +3.331251560e+02 +2.2703e-01 -6.3903e-01 -3.2083e+00 -3.2687e+00 +3.3255e+00 -2.4203e+00 +2.9650e+00 -1.5788e+00 +8.4826e-01 -1.9463e+00 +2.9743e-01 -1.7613e-01 +7.7636e-01 +5.7359e-01 -3.0166e+00 -1.0586e-01 -1.4059e+00 +3.8976e+00 -3.2579e+00 -3.4517e+00
3 +1.204315063e+02 +1.204315063e+02 +2.549015063e+02 +2.549015063e+02 +1.1964e+00 +3.5901e+00 +1.3740e+00 -5.4620e-01 -1.8067e+00 -2.9240e+00 +2.7145e+00 -1.5010e+00 +3.9044e+00 -2.9693e+00 +3.9114e+00 -3.1222e+00 -5.5421e-01 -3.4933e+00 -2.4300e+00 -2.8111e+00 -5.4895e-01 -1.3472e+00 -2.6945e+00 +2.7080e+00
149 +8.018547490e+01 +8.018547490e+01 +2.146554749e+02 +2.146554749e+02 -1.5364e+00 +2.4132e-02 -3.7905e+00 -3.9879e+00 -7.1597e-02 -1.8881e+00 +2.2087e-01 -2.8556e-01 -7.7048e-01 -1.7020e+00 +1.5401e+00 +2.6135e+00 -3.4211e-01 -2.6741e+00 -1.5703e+00 +6.8164e-01 -3.8101e+00 -1.9469e+00 -3.9225e+00 +1.7843e+00
"function evaluation" "noise-free fitness - Fopt (4.453500000000e+02)" "best noise-free fitness - Fopt" "measured fitness" "best measured fitness" "x1" "x2"
1 +2.854846044e+02 +2.854846044e+02 +7.308346044e+02 +7.308346044e+02 +2.3186e+00 -1.1420e+00 -3.4751e+00 -8.8123e-01 -1.1860e+00 -3.2160e+00 -3.4256e+00 -2.6374e+00 +2.0114e+00 -3.4148e+00 -2.6103e+00 -1.7514e+00 -1.4852e+00 +2.8118e+00 -7.1488e-02 -1.9837e+00 -1.1314e+00 -2.8277e+00 -3.6789e+00 +2.1884e+00
4 +2.399162539e+02 +2.399162539e+02 +6.852662539e+02 +6.852662539e+02 +1.1069e+00 +6.1429e-01 +3.3576e+00 -3.5107e+00 -3.8862e+00 -3.7985e+00 -1.8720e+00 -3.6807e+00 +1.8046e+00 -4.9281e-01 -1.5343e+00 +3.5847e+00 -2.1693e+00 -1.1851e-01 -1.0824e-01 -3.8093e+00 -3.4881e+00 -9.1381e-01 +6.1563e-01 +2.0562e+00
5 +1.497175323e+02 +1.497175323e+02 +5.950675323e+02 +5.950675323e+02 +1.7752e+00 +2.3732e+00 +4.7220e-01 -6.2620e-01 +1.8917e+00 +3.3772e+00 +3.8512e+00 +6.6159e-01 +2.3111e+00 +3.2046e+00 +3.9098e+00 +4.8171e-01 -2.0255e+00 -8.6896e-01 +1.6462e+00 +5.5387e-01 -2.0590e+00 -2.5189e+00 +1.6052e+00 +3.7757e+00
15 +5.062588318e+01 +5.062588318e+01 +4.959758832e+02 +4.959758832e+02 -3.4170e+00 +3.8058e+00 -1.3791e+00 -1.0766e+00 +1.9370e+00 +3.1543e+00 -2.9765e+00 -2.3164e+00 +3.3618e+00 -7.1922e-01 -2.0440e-01 +2.6485e+00 -1.4512e+00 -3.0528e+00 -1.1315e+00 -1.8686e+00 +2.9314e-01 -3.5088e+00 +2.8425e+00 +2.4851e+00
"function evaluation" "noise-free fitness - Fopt (8.790000000000e+01)" "best noise-free fitness - Fopt" "measured fitness" "best measured fitness" "x1" "x2"
1 +2.376834489e+02 +2.376834489e+02 +3.255834489e+02 +3.255834489e+02 +2.7780e+00 -3.5777e+00 +5.7871e-01 +1.2272e+00 -6.5344e-01 +6.4546e-01 +2.2220e+00 +1.0871e+00 +3.3695e+00 +3.2327e+00 +1.3056e+00 -2.0195e+00 -3.6990e+00 +2.0140e+00 +2.5356e+00 -9.7747e-01 -1.1206e+00 +5.4075e-01 -3.2448e+00 +3.4704e+00
8 +1.318266123e+02 +1.318266123e+02 +2.197266123e+02 +2.197266123e+02 -3.5313e+00 +3.8990e+00 +1.9248e+00 +2.8774e+00 +3.9476e+00 -1.1507e+00 -2.6352e+00 -1.4730e+00 +3.6458e+00 +2.7754e+00 -1.4437e+00 +2.4827e+00 +2.5136e+00 -3.0554e-01 +1.8211e-01 -3.7370e+00 +3.1280e+00 -1.8006e+00 +2.5317e+00 -3.5436e-01
17 +8.734050969e+01 +8.734050969e+01 +1.752405097e+02 +1.752405097e+02 -5.7380e-02 -2.5116e+00 -1.4420e+00 +6.4040e-01 -6.7517e-01 -8.6548e-01 -1.1978e+00 -3.7014e+00 +3.0656e+00 +7.6736e-01 +2.5901e+00 +1.3025e+00 +2.2250e+00 -2.1651e+00 +3.4045e+00 +8.0081e-01 -1.6941e+00 -2.8602e+00 +2.3648e+00 -3.6534e+00
437 +5.906353398e+01 +5.906353398e+01 +1.469635340e+02 +1.469635340e+02 -3.3216e+00 -8.0528e-01 +1.7469e+00 +2.2223e+00 -1.3828e+00 -3.6119e+00 -3.8868e+00 -2.4144e+00 +2.0742e+00 -1.9402e+00 -3.2975e+00 +3.6561e+00 +8.1788e-01 -1.9227e+00 -1.0946e+00 -7.6189e-01 -1.2014e+00 -1.1050e+00 +8.0807e-01 -1.1786e+00
"function evaluation" "noise-free fitness - Fopt (2.199800000000e+02)" "best noise-free fitness - Fopt" "measured fitness" "best measured fitness" "x1" "x2"
1 +1.944640343e+02 +1.944640343e+02 +4.144440343e+02 +4.144440343e+02 +1.8393e+00 -3.8821e+00 +3.9947e+00 -7.6096e-01 +3.6611e-02 -2.2549e+00 -3.3233e+00 -2.0910e+00 +2.5923e+00 -3.4987e+00 +5.4711e-01 -1.0410e+00 -2.8308e+00 -1.7751e+00 -1.9590e+00 -1.4064e+00 +2.8386e+00 +5.8646e-01 -2.6255e+00 -1.2821e+00
5 +1.245301360e+02 +1.245301360e+02 +3.445101360e+02 +3.445101360e+02 +3.1646e+00 +1.2419e+00 -3.9815e+00 -4.8985e-03 +3.9953e+00 +9.4596e-02 -2.3754e+00 +2.1840e+00 -1.3885e+00 +9.0457e-01 +7.5294e-01 +1.0619e-01 +1.7062e+00 +1.8947e+00 +9.3329e-01 -1.1467e+00 -4.7431e-02 +3.6632e-01 +3.4208e+00 +1.0428e+00
23 +9.667867569e+01 +9.667867569e+01 +3.166586757e+02 +3.166586757e+02 -1.5483e+00 -3.7996e-01 +1.1419e+00 +1.6005e-01 +2.3754e-01 -9.8049e-01 -4.9687e-01 -2.1714e-03 -1.0889e-01 +2.3108e+00 +7.6896e-01 -4.9643e-01 -7.3386e-01 -8.7658e-01 +7.9805e-01 +1.4072e+00 -2.4523e+00 -1.3103e+00 -1.9719e+00 +2.3836e+00
910 +4.433327040e+01 +4.433327040e+01 +2.643132704e+02 +2.643132704e+02 -1.1853e-01 -2.2563e+00 +4.9210e-01 -2.1680e+00 -1.4084e+00 +1.0727e+00 -2.6192e+00 +3.4244e+00 -2.8071e+00 -2.1513e+00 +1.4872e+00 -2.4522e+00 -1.3640e+00 -1.8520e+00 +3.7100e+00 +5.4754e-01 -1.9519e+00 -1.8755e+00 +2.9465e+00 +1.3490e+00
"function evaluation" "noise-free fitness - Fopt (-2.784000000000e+01)" "best noise-free fitness - Fopt" "measured fitness" "best measured fitness" "x1" "x2"
1 +2.940463727e+02 +2.940463727e+02 +2.662063727e+02 +2.662063727e+02 +3.6356e+00 -2.7598e+00 -3.4355e-01 -2.6933e+00 -1.6288e+00 +1.0681e+00 -5.4944e-01 -3.6733e+00 -1.0864e+00 +3.9223e+00 -1.9003e+00 -5.3248e-01 -6.4533e-01 -1.9311e+00 -5.8008e-01 -3.9359e+00 +1.7506e+00 -5.8414e-01 +3.4611e+00 +2.6527e-01
2 +1.548872330e+02 +1.548872330e+02 +1.270472330e+02 +1.270472330e+02 -2.4253e+00 +1.2856e+00 +1.0460e+00 +4.8679e-01 -1.0509e+00 -3.7607e-01 -1.7873e+00 +3.7860e+00 +1.9715e+00 -2.6576e-01 -6.3584e-01 +1.5167e+00 +3.5799e+00 -3.8361e+00 -2.3657e+00 +4.9306e-01 -3.0480e+00 -5.2984e-01 -1.6922e+00 +2.7376e+00
82 +8.809335438e+01 +8.809335438e+01 +6.025335438e+01 +6.025335438e+01 +2.4425e+00 -2.8653e+00 -2.7492e-01 +1.1182e+00 +1.2185e+00 -2.2569e+00 -3.7549e+00 -3.2466e+00 +3.5220e+00 -2.6946e+00 +1.7005e+00 +7.2406e-01 +8.9024e-01 +3.5597e+00 +2.6479e-01 -3.0168e+00 -3.0094e+00 -2.7832e+00 -3.0764e+00 -9.0110e-01
"function evaluation" "noise-free fitness - Fopt (2.027000000000e+01)" "best noise-free fitness - Fopt" "measured fitness" "best measured fitness" "x1" "x2"
1 +3.150945623e+02 +3.150945623e+02 +3.353645623e+02 +3.353645623e+02 +2.7439e+00 -3.1663e+00 -7.6841e-01 +2.7359e+00 +3.6575e-01 -3.2412e+00 +3.2248e+00 -2.7259e+00 +3.0253e+00 -2.2713e+00 -1.2945e+00 +2.4803e+00 -1.1245e+00 +1.4741e+00 -2.9049e+00 +1.5859e+00 +9.6896e-01 -2.3202e+00 -2.6558e+00 +3.5648e+00
2 +2.216254530e+02 +2.216254530e+02 +2.418954530e+02 +2.418954530e+02 +2.7112e+00 +2.1368e-01 +1.4148e+00 -2.6047e+00 -1.4187e-01 +1.5895e+00 -3.9471e+00 -3.0764e+00 +5.1401e-01 +2.7165e+00 +2.2537e+00 +6.1286e-01 -3.4889e+00 +9.4184e-01 -2.2096e+00 -1.6882e+00 -2.5151e+00 +2.5074e+00 +1.3398e+00 +3.4556e+00
5 +1.514845673e+02 +1.514845673e+02 +1.717545673e+02 +1.717545673e+02 +2.5140e+00 -3.4037e+00 -2.6102e+00 +3.4044e+00 +6.0510e-01 +2.5698e+00 -2.0713e+00 +1.7438e+00 +1.8287e+00 -3.6924e+00 +9.5126e-01 -8.8095e-01 +8.5872e-01 -2.0819e+00 +1.9106e+00 -3.8627e+00 +3.7054e+00 +1.3195e-01 +3.9515e+00 +1.6337e-01
178 +7.829596485e+01 +7.829596485e+01 +9.856596485e+01 +9.856596485e+01 +2.5215e+00 -7.6165e-01 -2.6479e+00 -3.6635e+00 -8.3909e-01 +1.2260e+00 +2.0853e+00 -2.9100e-01 +2.5630e+00 -8.9313e-01 +3.6568e+00 +7.2366e-01 -5.4544e-01 +2.0366e+00 +1.6523e+00 -3.8822e+00 +7.6336e-02 -1.5486e+00 +7.1106e-01 -3.8262e+00
"function evaluation" "noise-free fitness - Fopt (9.302900000000e+02)" "best noise-free fitness - Fopt" "measured fitness" "best measured fitness" "x1" "x2"
1 +2.330332771e+02 +2.330332771e+02 +1.163323277e+03 +1.163323277e+03 -3.7097e+00 -2.0266e+00 +3.3806e+00 -3.6132e+00 -7.1435e-01 +1.7521e+00 +2.6734e+00 +3.3903e+00 +3.6427e+00 -2.5940e+00 +1.3467e+00 -1.5297e+00 -8.2973e-01 -2.8868e+00 -2.1680e+00 -2.0366e+00 +2.8980e+00 +3.8399e+00 -1.9532e+00 -2.9433e+00
13 +1.482565301e+02 +1.482565301e+02 +1.078546530e+03 +1.078546530e+03 -2.6597e+00 -3.6520e+00 -3.5611e+00 -3.8365e-01 -2.5999e-01 +1.1643e+00 -2.4291e+00 +3.7173e+00 +2.9281e+00 -4.1806e-01 +8.8997e-01 +1.0824e-01 +3.7013e+00 -3.7345e+00 -8.3091e-01 +7.0270e-01 +2.8275e+00 +3.1222e+00 +1.3916e+00 -2.2942e+00
194 +9.686892807e+01 +9.686892807e+01 +1.027158928e+03 +1.027158928e+03 -9.0891e-01 +5.9815e-01 -1.3202e-01 +1.1622e+00 +6.2325e-01 -6.9603e-01 +1.5249e+00 +7.4221e-01 -2.9515e+00 -8.9350e-01 -1.9593e+00 +1.4797e+00 +3.5186e+00 -7.7890e-01 +2.1871e+00 +4.8053e-03 +2.2619e+00 -5.7061e-02 -2.8488e+00 -2.5768e+00
"function evaluation" "noise-free fitness - Fopt (7.786100000000e+02)" "best noise-free fitness - Fopt" "measured fitness" "best measured fitness" "x1" "x2"
1 +3.034063793e+02 +3.034063793e+02 +1.082016379e+03 +1.082016379e+03 +3.8810e+00 +3.8750e+00 -2.4865e+00 +9.2922e-01 -1.6907e+00 +1.0393e+00 -3.4679e+00 -2.4196e+00 -2.0689e+00 +1.5631e+00 +4.1156e-01 +3.1901e+00 +2.0686e+00 -4.5817e-01 +2.3741e+00 +3.1970e+00 -3.9872e+00 -3.3674e+00 -2.9696e+00 -3.2655e-01
2 +2.257560531e+02 +2.257560531e+02 +1.004366053e+03 +1.004366053e+03 +1.7214e+00 +1.7837e+00 +6.5201e-01 +3.5666e+00 +1.8067e+00 -4.7449e-01 +3.8608e-01 -3.2067e+00 +8.8541e-01 +1.9452e-01 -3.8140e+00 -3.8929e+00 -4.5141e-01 +2.2129e+00 +3.9982e+00 +3.1243e+00 +2.3615e+00 +2.7674e-01 -3.9868e+00 +2.9921e-01
11 +1.182216669e+02 +1.182216669e+02 +8.968316669e+02 +8.968316669e+02 -3.2658e-01 -7.1993e-01 -1.5978e+00 -2.7010e+00 +1.2566e+00 -1.7869e+00 +1.4745e+00 -3.5650e+00 -2.7770e+00 -1.6930e+00 +5.8750e-01 -8.2040e-01 +2.3565e+00 +2.3314e-01 -2.2385e+00 +2.0473e+00 +1.8585e+00 +2.9275e+00 +1.5235e+00 +3.3526e+00
320 +6.960358553e+01 +6.960358553e+01 +8.482135855e+02 +8.482135855e+02 -2.1417e+00 -3.6852e+00 -2.4650e+00 -5.3927e-01 +3.5146e+00 -2.4599e+00 -7.8901e-01 +4.5742e-01 +3.1338e+00 -9.8387e-01 -3.3620e+00 -2.2741e+00 -2.3327e+00 -1.5527e+00 -3.8921e+00 +2.4471e+00 +2.9327e-01 +2.9114e+00 -1.8807e+00 +1.3479e+00
"function evaluation" "noise-free fitness - Fopt (-2.051000000000e+01)" "best noise-free fitness - Fopt" "measured fitness" "best measured fitness" "x1" "x2"
1 +1.946375956e+02 +1.946375956e+02 +1.741275956e+02 +1.741275956e+02 -3.3959e+00 +3.5552e+00 -3.2394e+00 +4.3012e-01 +1.5601e+00 -9.2573e-01 +9.0244e-01 -2.7779e+00 +3.1144e+00 +6.9113e-01 +2.8021e+00 +2.1561e+00 +2.3284e+00 +1.1971e-01 -3.9975e+00 -1.0690e+00 -2.2100e-01 +2.9198e+00 +9.1582e-01 -3.4477e+00
14 +1.077975993e+02 +1.077975993e+02 +8.728759928e+01 +8.728759928e+01 -3.3703e+00 -3.0018e+00 +9.4748e-01 -1.7882e+00 +2.2761e+00 -2.7038e+00 +4.2749e-01 -8.6454e-01 -1.4501e+00 +1.3666e+00 +2.1813e+00 -6.6690e-01 +9.3960e-01 -1.4872e+00 +3.3722e+00 -8.4997e-01 -3.3562e-01 +1.0063e+00 +1.3357e+00 -2.0841e+00
434 +9.236026031e+01 +9.236026031e+01 +7.185026031e+01 +7.185026031e+01 -7.2348e-01 -1.3797e+00 +2.3752e+00 -1.9221e+00 -3.4337e+00 +7.8372e-01 -8.9168e-01 -1.9117e+00 -2.8497e+00 +3.8081e+00 -5.3111e-01 -7.7808e-01 +3.0790e+00 +3.1151e+00 +1.4767e+00 -2.5715e+00 -1.6588e+00 +1.7301e+00 +7.6899e-01 +1.4635e+00
"function evaluation" "noise-free fitness - Fopt (-1.000000000000e+03)" "best noise-free fitness - Fopt" "measured fitness" "best measured fitness" "x1" "x2"
1 +2.853598574e+02 +2.853598574e+02 -7.146401426e+02 -7.146401426e+02 -3.7927e+00 +2.7464e+00 +2.7888e+00 -1.3816e+00 +3.1805e+00 +4.0905e-01 +3.9767e+00 +2.8132e+00 +7.4353e-01 +9.5462e-01 +2.6727e+00 +3.8332e+00 +3.0583e+00 -3.0609e+00 +2.9638e+00 -1.3693e+00 -3.1581e+00 -2.5501e-01 -1.8066e+00 +3.9978e-01
2 +1.550559775e+02 +1.550559775e+02 -8.449440225e+02 -8.449440225e+02 -1.5938e+00 -3.1893e+00 -3.3569e+00 +4.2405e-01 +2.5983e+00 +2.1156e+00 +6.3572e-01 -1.0402e+00 +3.8209e+00 -1.8385e-02 -2.6940e-01 +1.4003e+00 -2.3168e+00 +2.8680e+00 -1.6561e+00 +1.5434e+00 +1.9223e+00 -1.4910e+00 -1.6937e+00 +2.2229e+00
99 +9.922966849e+01 +9.922966849e+01 -9.007703315e+02 -9.007703315e+02 -8.8044e-01 +3.2412e+00 +6.2911e-01 -1.3266e-01 -1.9720e+00 +3.6312e+00 -3.8455e+00 +2.2636e+00 +3.2129e+00 +7.9400e-01 +2.7236e-01 -2.6105e+00 +1.6162e+00 +2.9321e+00 +1.2411e+00 -2.2970e+00 +2.0316e-01 -3.7546e+00 +3.4095e+00 +1.9577e+00
"function evaluation" "noise-free fitness - Fopt (-1.730800000000e+02)" "best noise-free fitness - Fopt" "measured fitness" "best measured fitness" "x1" "x2"
1 +2.149277333e+02 +2.149277333e+02 +4.184773333e+01 +4.184773333e+01 -3.3959e+00 +3.5552e+00 -3.2394e+00 +4.3012e-01 +1.5601e+00 -9.2573e-01 +9.0244e-01 -2.7779e+00 +3.1144e+00 +6.9113e-01 +2.8021e+00 +2.1561e+00 +2.3284e+00 +1.1971e-01 -3.9975e+00 -1.0690e+00 -2.2100e-01 +2.9198e+00 +9.1582e-01 -3.4477e+00
13 +1.396340597e+02 +1.396340597e+02 -3.344594030e+01 -3.344594030e+01 +1.3146e+00 -1.1834e+00 +2.0597e+00 +3.4115e+00 +3.5256e-01 -2.5428e+00 +2.7695e+00 -3.2482e+00 +3.1439e+00 +1.5824e+00 +2.3443e+00 -1.1572e+00 -2.5420e+00 +2.3878e+00 +9.6871e-01 +2.0853e+00 -3.1510e-01 -3.2359e+00 -1.5254e+00 +3.3543e+00
134 +8.780930486e+01 +8.780930486e+01 -8.527069514e+01 -8.527069514e+01 -3.4390e+00 -2.7793e+00 -3.2021e+00 +9.4646e-01 -1.9037e-01 +1.7095e+00 -1.7711e+00 +1.9188e+00 +3.7360e+00 +3.6561e+00 -1.2310e+00 +2.9476e+00 -8.1221e-01 -5.7420e-02 +1.4489e+00 +1.7739e+00 +5.9010e-01 -2.4631e+00 +1.2102e-01 +2.9003e+00
"function evaluation" "noise-free fitness - Fopt (5.309000000000e+01)" "best noise-free fitness - Fopt" "measured fitness" "best measured fitness" "x1" "x2"
1 +2.862177416e+02 +2.862177416e+02 +3.393077416e+02 +3.393077416e+02 +3.8292e+00 +3.6870e-01 +3.8117e+00 -2.7249e+00 -2.0661e+00 -2.3938e+00 -3.8507e+00 +3.5671e+00 -1.7429e+00 +2.1615e+00 +3.9327e+00 -3.6692e+00 +3.4598e+00 -1.4565e+00 +2.0426e+00 -3.0846e+00 +5.8365e-01 +1.8747e+00 +2.0076e+00 +3.5131e+00
2 +1.868203658e+02 +1.868203658e+02 +2.399103658e+02 +2.399103658e+02 +3.5664e+00 -2.6200e+00 +8.1360e-01 -2.9569e+00 +3.4832e+00 +3.9110e+00 +1.5088e+00 -7.7712e-01 +2.6297e+00 -1.5577e+00 +8.9817e-01 +3.1167e+00 -3.9483e+00 +2.4216e+00 -3.3927e+00 +9.7181e-01 +2.0258e+00 +2.2162e+00 -3.4853e+00 +2.0699e+00
4 +1.445971470e+02 +1.445971470e+02 +1.976871470e+02 +1.976871470e+02 -3.2282e-01 -2.6973e+00 -2.0860e-01 -1.7740e+00 +1.5010e-01 -1.1054e-01 -2.5600e+00 -3.1143e+00 -1.7052e+00 -1.8863e+00 -6.9243e-01 -2.9216e+00 +3.2891e+00 -7.7875e-01 +1.2908e+00 -2.8176e-01 -2.9342e+00 +8.9032e-01 -2.0482e+00 +2.9158e+00
5 +7.796592410e+01 +7.796592410e+01 +1.310559241e+02 +1.310559241e+02 -2.9252e-01 -3.0480e-01 -1.8052e+00 -1.3566e+00 +1.0127e+00 -2.0470e+00 +3.5964e+00 +1.0888e-01 +1.1965e+00 -3.2615e+00 +8.2319e-01 +2.2269e+00 +4.3370e-01 +1.5857e+00 +3.9640e-01 +4.9056e-01 -4.3281e-01 -2.0493e+00 +1.7094e+00 -2.7874e+00
"function evaluation" "noise-free fitness - Fopt (-1.850700000000e+02)" "best noise-free fitness - Fopt" "measured fitness" "best measured fitness" "x1" "x2"
1 +3.447852781e+02 +3.447852781e+02 +1.597152781e+02 +1.597152781e+02 +2.7780e+00 -3.5777e+00 +5.7871e-01 +1.2272e+00 -6.5344e-01 +6.4546e-01 +2.2220e+00 +1.0871e+00 +3.3695e+00 +3.2327e+00 +1.3056e+00 -2.0195e+00 -3.6990e+00 +2.0140e+00 +2.5356e+00 -9.7747e-01 -1.1206e+00 +5.4075e-01 -3.2448e+00 +3.4704e+00
5 +2.509164382e+02 +2.509164382e+02 +6.584643818e+01 +6.584643818e+01 +3.9572e+00 +1.5519e+00 +1.3079e+00 -3.1683e+00 +2.9362e+00 -1.3514e+00 -3.3565e+00 +2.8554e-01 +7.1780e-01 +6.5174e-01 -2.4209e-01 +2.7801e+00 -3.9352e+00 +2.7131e+00 -7.7512e-01 +5.5162e-01 +1.8018e+00 -3.6708e+00 +1.7868e+00 +1.3079e+00
17 +9.692765405e+01 +9.692765405e+01 -8.814234595e+01 -8.814234595e+01 -5.7380e-02 -2.5116e+00 -1.4420e+00 +6.4040e-01 -6.7517e-01 -8.6548e-01 -1.1978e+00 -3.7014e+00 +3.0656e+00 +7.6736e-01 +2.5901e+00 +1.3025e+00 +2.2250e+00 -2.1651e+00 +3.4045e+00 +8.0081e-01 -1.6941e+00 -2.8602e+00 +2.3648e+00 -3.6534e+00
338 +6.234867442e+01 +6.234867442e+01 -1.227213256e+02 -1.227213256e+02 +7.4353e-02 +3.1407e+00 +8.5938e-01 -3.2054e-01 -1.1705e+00 -3.2819e+00 +3.0600e+00 -1.2196e+00 -5.8165e-01 -3.4348e+00 -9.6711e-01 +1.6390e+00 +7.0560e-01 -1.9644e+00 +9.6575e-01 +3.3064e+00 -2.2757e-01 -1.3080e+00 +2.1760e+00 -2.6960e+00
"function evaluation" "noise-free fitness - Fopt (-1.673500000000e+02)" "best noise-free fitness - Fopt" "measured fitness" "best measured fitness" "x1" "x2"
1 +1.986004363e+02 +1.986004363e+02 +3.125043629e+01 +3.125043629e+01 +4.7848e-01 +3.6175e+00 +6.6026e-01 -3.0299e+00 -3.5442e+00 +3.7934e+00 -9.2934e-01 +6.5464e-01 +3.5106e-01 +1.6954e+00 +2.1776e+00 -2.7028e+00 -7.6125e-01 -2.6566e+00 +1.5141e+00 -2.9163e+00 +3.5010e+00 +3.3517e+00 +1.5978e-01 -1.4178e+00
6 +1.045127473e+02 +1.045127473e+02 -6.283725271e+01 -6.283725271e+01 +2.5779e+00 -1.6485e+00 -2.6008e+00 -2.6132e+00 -2.0481e+00 -3.1051e+00 +3.3489e+00 +2.5837e+00 +2.5093e+00 -2.9110e+00 +1.9990e+00 -6.4779e-01 +1.2741e+00 -3.4004e+00 +6.6105e-01 -1.7724e+00 -3.2565e+00 -1.9647e+00 +8.0166e-01 -2.0118e+00
9 +9.848576452e+01 +9.848576452e+01 -6.886423548e+01 -6.886423548e+01 +1.9347e+00 -2.5318e+00 +1.7137e+00 -7.2626e-01 -2.1886e+00 +2.0849e-01 -4.1146e-01 -2.3845e+00 -3.4123e+00 +2.0162e+00 +3.5656e+00 +3.0817e-02 -1.4896e+00 -3.0454e+00 -2.1710e+00 +2.1668e+00 +2.2180e+00 -8.8078e-01 +1.6535e+00 -3.7516e+00
"function evaluation" "noise-free fitness - Fopt (-2.733000000000e+01)" "best noise-free fitness - Fopt" "measured fitness" "best measured fitness" "x1" "x2"
1 +2.467086358e+02 +2.467086358e+02 +2.193786358e+02 +2.193786358e+02 +2.3960e+00 +3.3204e+00 -1.1953e-01 +1.1943e+00 -3.1103e+00 +3.5143e+00 +1.0546e+00 -1.7859e+00 +2.5175e+00 -2.2862e+00 -1.5213e-02 -2.8756e+00 +1.4295e+00 -3.8349e+00 -3.5681e+00 +2.9064e+00 -3.2005e+00 -2.3589e+00 +1.8477e-01 -3.9853e+00
2 +1.373116979e+02 +1.373116979e+02 +1.099816979e+02 +1.099816979e+02 +1.2843e+00 +3.9177e+00 -8.0398e-01 -1.3279e+00 +3.0237e+00 -2.8032e+00 -2.0211e+00 -5.8168e-01 -2.3726e+00 +3.0653e+00 -2.6732e+00 +2.5212e+00 -2.3415e+00 +4.9231e-02 -9.2755e-01 +1.1136e+00 -1.9161e+00 -2.3755e+00 +5.4603e-02 -2.5980e+00
107 +5.494522434e+01 +5.494522434e+01 +2.761522434e+01 +2.761522434e+01 +2.9149e+00 +2.6287e+00 +3.1375e+00 -2.1110e-01 +1.9522e+00 -4.6502e-01 +3.2349e+00 +3.1457e+00 -2.2821e+00 +4.6688e-01 +3.8915e+00 -8.3078e-01 -5.0370e-01 -2.1811e+00 -8.7446e-03 -9.7402e-01 +2.6087e+00 -3.5127e+00 +5.0597e-01 -2.6782e+00
"function evaluation" "noise-free fitness - Fopt (-2.655800000000e+02)" "best noise-free fitness - Fopt" "measured fitness" "best measured fitness" "x1" "x2"
1 +2.513954721e+02 +2.513954721e+02 -1.418452794e+01 -1.418452794e+01 -3.7927e+00 +2.7464e+00 +2.7888e+00 -1.3816e+00 +3.1805e+00 +4.0905e-01 +3.9767e+00 +2.8132e+00 +7.4353e-01 +9.5462e-01 +2.6727e+00 +3.8332e+00 +3.0583e+00 -3.0609e+00 +2.9638e+00 -1.3693e+00 -3.1581e+00 -2.5501e-01 -1.8066e+00 +3.9978e-01
2 +1.785307254e+02 +1.785307254e+02 -8.704927464e+01 -8.704927464e+01 -1.5938e+00 -3.1893e+00 -3.3569e+00 +4.2405e-01 +2.5983e+00 +2.1156e+00 +6.3572e-01 -1.0402e+00 +3.8209e+00 -1.8385e-02 -2.6940e-01 +1.4003e+00 -2.3168e+00 +2.8680e+00 -1.6561e+00 +1.5434e+00 +1.9223e+00 -1.4910e+00 -1.6937e+00 +2.2229e+00
21 +1.386936438e+02 +1.386936438e+02 -1.268863562e+02 -1.268863562e+02 -3.3180e+00 +1.6510e+00 -7.5931e-01 -1.7792e+00 +3.2950e-01 -1.3515e+00 -1.3930e+00 -4.0040e-02 -3.5733e+00 +3.5478e+00 -3.7468e+00 +1.7879e+00 +3.0716e+00 -1.9575e+00 +3.2537e+00 +2.8520e+00 -1.0073e+00 +1.9540e+00 +2.7313e+00 +1.8434e+00
84 +9.865880723e+01 +9.865880723e+01 -1.669211928e+02 -1.669211928e+02 -9.4395e-02 +1.7272e+00 -2.1324e+00 +2.1645e+00 -1.2050e+00 -1.4265e+00 -2.7183e+00 -6.6611e-02 -3.4116e+00 -1.9169e+00 +3.4898e+00 +1.6231e+00 +3.3554e+00 -1.5208e+00 +1.9328e+00 +2.4756e+00 -4.5682e-01 +3.2385e+00 -3.2408e+00 -1.8795e-01
"function evaluation" "noise-free fitness - Fopt (-5.595000000000e+01)" "best noise-free fitness - Fopt" "measured fitness" "best measured fitness" "x1" "x2"
1 +1.780405606e+02 +1.780405606e+02 +1.220905606e+02 +1.220905606e+02 -1.2872e+00 -3.7572e+00 +2.3304e+00 +3.7208e+00 +1.2794e+00 -8.6625e-01 +2.4573e+00 -3.5811e+00 +3.4380e+00 +3.5990e+00 -2.2014e+00 -8.6175e-01 +2.6582e+00 -7.6918e-01 +2.2902e+00 +7.3844e-01 +2.1620e+00 +1.5235e+00 +2.4292e+00 +3.7205e+00
2 +1.345014332e+02 +1.345014332e+02 +7.855143321e+01 +7.855143321e+01 +1.6191e+00 -1.1524e+00 +1.0748e+00 -3.2252e+00 -1.7500e+00 -6.2849e-01 +2.3418e+00 -2.8272e+00 -6.7445e-01 -2.9603e+00 +1.2215e+00 -1.8421e+00 -1.7025e+00 +1.9202e+00 -1.8705e+00 -1.7336e+00 +1.2212e+00 +2.0872e+00 -2.2533e+00 +3.0801e+00
123 +9.860658841e+01 +9.860658841e+01 +4.265658841e+01 +4.265658841e+01 +9.3807e-01 +2.3479e+00 +2.1469e+00 -1.5731e+00 +2.5486e+00 +1.5393e+00 +5.7530e-01 -3.3402e+00 +2.1309e+00 -2.4570e+00 +1.6002e+00 +2.8918e+00 -2.9131e+00 +1.4439e+00 +7.5627e-01 -1.3746e+00 +3.1252e+00 +1.6227e+00 +2.7600e+00 -1.1885e-01
600 +6.282224746e+01 +6.282224746e+01 +6.872247461e+00 +6.872247461e+00 -1.4758e+00 +9.8998e-01 +7.7549e-01 +8.9765e-01 +1.3050e-01 -2.2764e+00 +3.1668e+00 -3.1928e-01 +2.2170e+00 -3.6069e+00 +2.3916e+00 +4.1824e-01 -6.9572e-01 -3.1783e+00 +3.5790e+00 -8.9909e-01 +9.4217e-01 +3.0628e+00 +2.6366e+00 +2.6645e+00
"function evaluation" "noise-free fitness - Fopt (8.746000000000e+01)" "best noise-free fitness - Fopt" "measured fitness" "best measured fitness" "x1" "x2"
1 +2.511643533e+02 +2.511643533e+02 +3.386243533e+02 +3.386243533e+02 +1.7026e+00 -3.8179e+00 +6.1110e-01 -1.2344e+00 -8.6871e-01 -3.8114e+00 +3.2353e+00 -2.5555e+00 -8.2556e-01 -3.4195e-02 -3.2782e-01 +2.6496e+00 -2.4921e+00 -3.4634e-01 +3.3868e+00 -2.9256e+00 -2.1473e+00 -8.4356e-01 -4.5509e-01 +1.8679e+00
6 +1.133482863e+02 +1.133482863e+02 +2.008082863e+02 +2.008082863e+02 +3.4045e+00 +1.7389e+00 +2.4940e+00 +9.6163e-01 +2.4603e+00 +6.7355e-01 +1.6429e+00 +4.0165e-01 -3.7050e+00 -4.4469e-01 -2.2348e-01 -2.2973e+00 +6.6651e-01 +6.0125e-01 +1.6521e+00 -4.8770e-01 -9.9707e-01 -2.3920e+00 -1.2311e+00 +7.5869e-01
38 +8.756001795e+01 +8.756001795e+01 +1.750200179e+02 +1.750200179e+02 -3.4253e+00 -2.5824e+00 +1.2340e+00 -1.7583e+00 +3.7607e+00 -8.2487e-01 +2.6107e+00 +9.1733e-01 -7.6115e-01 -2.3959e+00 -3.3784e+00 -2.9240e+00 +2.5245e+00 +3.1831e+00 -1.9223e+00 +1.0210e+00 -2.0544e+00 +2.7531e+00 -1.8614e+00 -1.9669e-01
"function evaluation" "noise-free fitness - Fopt (-6.545000000000e+01)" "best noise-free fitness - Fopt" "measured fitness" "best measured fitness" "x1" "x2"
1 +1.654026033e+02 +1.654026033e+02 +9.995260332e+01 +9.995260332e+01 +1.2148e+00 +2.8028e+00 +2.6954e+00 +1.2255e-01 +2.7478e+00 +1.7212e+00 +2.4494e+00 -1.4154e-02 -3.3338e+00 +5.1121e-01 -3.1584e+00 -3.5868e+00 +4.3534e-01 -5.7748e-02 +2.2559e+00 +8.1775e-01 +3.7881e+00 +3.7055e+00 -3.3247e+00 +1.1567e+00
5 +1.560322354e+02 +1.560322354e+02 +9.058223539e+01 +9.058223539e+01 -3.1765e+00 -6.1242e-01 +2.1649e+00 +3.2057e+00 -4.7361e-01 +4.9041e-01 -1.9055e+00 +2.7185e+00 -2.0256e+00 +3.0326e-01 -3.4666e+00 -2.2233e+00 -2.5354e-01 +3.5065e+00 +1.8489e+00 -2.2328e+00 +3.8269e+00 +2.8884e+00 -3.5396e+00 +1.7199e-01
74 +9.457043038e+01 +9.457043038e+01 +2.912043038e+01 +2.912043038e+01 -9.8520e-01 -1.6825e+00 -2.1659e+00 +3.6516e+00 -2.4567e+00 -3.7696e+00 +1.0941e+00 -2.1278e+00 -3.0669e+00 -3.0928e+00 +3.8885e+00 +4.3890e-01 -2.0653e+00 +1.1409e+00 -5.5388e-01 +1.7619e-01 +2.2872e+00 -2.8155e+00 -2.6583e+00 +1.4509e+00
"function evaluation" "noise-free fitness - Fopt (-5.761000000000e+01)" "best noise-free fitness - Fopt" "measured fitness" "best measured fitness" "x1" "x2"
1 +2.047923224e+02 +2.047923224e+02 +1.471823224e+02 +1.471823224e+02 -1.2489e+00 -2.8121e+00 +1.4677e-01 +2.9442e+00 +3.0388e-01 +3.5279e+00 -8.6909e-01 +7.6774e-01 -3.3082e+00 +1.0044e+00 -2.0479e+00 -8.2274e-01 -3.3389e+00 +1.7619e+00 -1.8023e-01 +1.4399e-01 +2.6342e+00 +3.8700e+00 +3.6096e-01 +1.9712e+00
2 +1.507601736e+02 +1.507601736e+02 +9.315017360e+01 +9.315017360e+01 -6.4932e-01 -2.6021e-01 -3.4907e+00 +2.4986e+00 -2.1235e+00 -1.6489e-01 -2.2537e+00 -2.5281e+00 -2.4905e-01 +4.9891e-01 -8.4142e-01 +2.9059e-02 +9.2627e-01 +1.0365e+00 -1.1153e+00 -8.7594e-01 -1.2830e+00 -1.1379e-01 -1.9985e+00 +2.1600e-01
84 +8.543561225e+01 +8.543561225e+01 +2.782561225e+01 +2.782561225e+01 -5.4493e-02 +5.0708e-01 +1.6123e+00 -2.7252e+00 +5.3373e-01 +8.8068e-01 +2.6070e+00 -2.3288e-01 +1.7038e+00 -1.9191e+00 +1.9629e+00 -2.2368e+00 +2.7489e+00 +1.8558e+00 -1.4983e-01 -2.3634e+00 +3.0379e-01 +2.0709e+00 +2.6771e+00 +1.9441e-01
"function evaluation" "noise-free fitness - Fopt (-2.116000000000e+02)" "best noise-free fitness - Fopt" "measured fitness" "best measured fitness" "x1" "x2"
1 +2.160220131e+02 +2.160220131e+02 +4.422013115e+00 +4.422013115e+00 -7.2067e-01 +3.0522e+00 +8.6340e-01 -3.9277e+00 +3.1066e+00 +3.0203e+00 +2.0118e+00 +2.4315e+00 +3.9694e+00 +2.9812e+00 -3.3720e+00 -1.6703e+00 +4.1448e-01 +1.2145e+00 -4.6552e-01 -3.8728e+00 +3.1402e+00 +9.3176e-02 -5.8135e-01 +2.0051e+00
2 +1.579477542e+02 +1.579477542e+02 -5.365224579e+01 -5.365224579e+01 -3.9648e-01 +1.3858e+00 +3.7128e+00 +1.6786e+00 -1.3117e-01 -7.4474e-01 -1.1056e+00 +1.4528e+00 -1.6383e+00 -2.8007e+00 -6.2933e-01 -2.1385e+00 +8.7541e-02 -8.4943e-01 +1.9848e-01 +2.7877e+00 -1.1133e+00 +3.9564e+00 +1.6718e-01 +3.3417e+00
82 +6.268433760e+01 +6.268433760e+01 -1.489156624e+02 -1.489156624e+02 +2.8172e+00 +1.1230e+00 -8.1109e-01 -3.9754e-01 +3.8276e+00 +1.5502e-01 +1.3129e+00 -1.0697e+00 -1.9625e+00 +9.2491e-01 -2.0743e+00 -2.5491e+00 -9.7688e-01 +1.2818e+00 -2.1373e+00 -3.3229e+00 -8.8503e-01 +3.3399e+00 -2.8641e+00 +3.5653e+00
"function evaluation" "noise-free fitness - Fopt (-1.188600000000e+02)" "best noise-free fitness - Fopt" "measured fitness" "best measured fitness" "x1" "x2"
1 +1.675723979e+02 +1.675723979e+02 +4.871239790e+01 +4.871239790e+01 +2.5932e+00 +1.4607e+00 -3.7898e+00 +1.1595e+00 -2.1053e+00 +1.8389e+00 +2.7970e+00 +2.8678e+00 +2.6142e+00 +1.0560e+00 +3.6225e+00 -2.9260e+00 +2.2851e+00 -3.4585e+00 +1.1762e+00 +4.2132e-02 -3.7701e+00 +3.0668e+00 -3.6885e-01 +1.8814e+00
4 +1.461730489e+02 +1.461730489e+02 +2.731304888e+01 +2.731304888e+01 -3.8517e-01 +2.4320e+00 +1.6561e+00 -2.7600e+00 -5.9807e-01 +3.3683e+00 -1.0773e+00 -9.5198e-01 -1.4174e+00 +3.0154e+00 +1.2780e+00 +7.6020e-01 -1.3272e-01 -2.5747e+00 +1.8846e+00 +1.1946e+00 -3.1083e+00 +3.8434e+00 +2.5109e+00 +1.8400e+00
57 +6.367247660e+01 +6.367247660e+01 -5.518752340e+01 -5.518752340e+01 +1.0839e+00 -2.3610e+00 +3.1747e+00 -6.0600e-01 -2.8643e+00 +1.8455e-01 -1.8315e+00 +3.3053e+00 +1.1048e-01 +3.9019e+00 -1.4472e+00 -3.7786e+00 -2.0064e+00 +3.2594e+00 +2.7242e+00 -1.4441e+00 -7.2951e-01 +2.8020e-01 +1.4924e+00 -6.7745e-01
"function evaluation" "noise-free fitness - Fopt (1.830100000000e+02)" "best noise-free fitness - Fopt" "measured fitness" "best measured fitness" "x1" "x2"
1 +2.179409234e+02 +2.179409234e+02 +4.009509234e+02 +4.009509234e+02 -4.7570e-01 +1.4910e+00 +3.5843e+00 -1.7217e+00 +8.2912e-01 -3.7970e+00 +1.4818e+00 -1.1058e+00 -5.6521e-02 +1.5096e+00 -1.8909e+00 +1.6977e+00 -1.9646e+00 -3.3543e+00 +3.5805e+00 -1.6070e+00 +1.5928e+00 +1.3921e+00 -9.6024e-01 -1.4043e+00
10 +1.458510041e+02 +1.458510041e+02 +3.288610041e+02 +3.288610041e+02 +7.8114e-01 -1.0149e+00 -2.2656e+00 -1.2594e+00 +2.3470e+00 -1.3235e+00 -1.7126e+00 -2.9063e+00 +1.2296e+00 -9.7264e-01 +2.9849e+00 -2.2585e+00 -1.5305e+00 -1.2452e+00 +1.5541e+00 -7.8589e-01 -8.3692e-01 -7.5146e-02 +2.2657e+00 -2.1340e+00
138 +4.564855781e+01 +4.564855781e+01 +2.286585578e+02 +2.286585578e+02 -2.3756e+00 +2.8439e+00 -1.2760e+00 +2.2826e+00 -3.9412e+00 +1.5356e+00 -3.4601e+00 +2.3790e+00 +2.4402e+00 -3.2123e+00 -1.7399e+00 +5.7692e-01 +3.3558e-01 -2.1819e+00 +3.6602e+00 +1.7151e+00 +2.6076e+00 +3.4157e+00 +3.3384e+00 -4.6321e-02
"function evaluation" "noise-free fitness - Fopt (1.835200000000e+02)" "best noise-free fitness - Fopt" "measured fitness" "best measured fitness" "x1" "x2"
1 +2.858013706e+02 +2.858013706e+02 +4.693213706e+02 +4.693213706e+02 -1.3088e+00 +2.6860e+00 -4.0463e-02 -3.9012e+00 +2.6906e-01 +2.0765e+00 -3.4818e+00 +1.7145e+00 -7.7593e-01 +2.0195e+00 +2.4564e+00 -3.9128e+00 +3.6347e+00 -1.9757e+00 +3.9673e+00 +3.1878e+00 +1.7358e+00 -7.2227e-02 -2.6257e+00 -1.5708e+00
4 +2.342288983e+02 +2.342288983e+02 +4.177488983e+02 +4.177488983e+02 -1.4804e+00 +3.2867e+00 -1.2246e+00 +6.6674e-01 +9.1121e-01 +3.0122e-01 -1.2379e-01 -9.4507e-01 -1.4063e+00 +2.1775e-01 +1.7998e+00 -3.3159e-01 -3.7987e+00 -1.7033e+00 -2.5595e-01 -3.2027e+00 -1.1612e+00 -7.8681e-01 +3.6934e+00 -2.3327e+00
25 +1.540093086e+02 +1.540093086e+02 +3.375293086e+02 +3.375293086e+02 -6.3794e-01 -2.5903e+00 -5.0721e-01 -8.4276e-01 +1.9243e+00 +1.2433e-01 +1.8684e+00 -1.9663e+00 -3.8203e+00 +5.7972e-01 -2.8278e+00 +3.5198e+00 -9.2925e-01 -3.7998e+00 -2.9800e+00 -2.8955e+00 -7.9650e-01 +1.4886e+00 -1.4531e-01 -4.0704e-01
83 +8.536175797e+01 +8.536175797e+01 +2.688817580e+02 +2.688817580e+02 -4.2260e-01 -3.3971e+00 -1.8936e+00 -4.1054e-01 -2.5482e-01 +2.5193e+00 -9.2143e-02 +1.6495e+00 +6.1651e-01 -1.1592e+00 +1.5333e+00 -2.5294e-01 -2.0675e+00 -1.7450e+00 -6.2969e-01 -1.6788e+00 +2.1502e+00 +1.1503e+00 -1.8811e+00 -3.5977e+00
"function evaluation" "noise-free fitness - Fopt (-5.938400000000e+02)" "best noise-free fitness - Fopt" "measured fitness" "best measured fitness" "x1" "x2"
1 +2.572702182e+02 +2.572702182e+02 -3.365697818e+02 -3.365697818e+02 +3.2576e+00 +4.0702e-01 -2.7457e+00 -9.2480e-01 -9.8295e-01 +9.8976e-01 +1.6934e+00 +3.9891e+00 -3.1511e+00 +2.3937e+00 -2.3979e+00 -3.1368e+00 +2.7250e+00 +1.0515e+00 +2.2055e-01 -2.5336e+00 +2.9229e+00 +1.8231e+00 -2.7933e+00 -2.1810e-01
2 +1.789515548e+02 +1.789515548e+02 -4.148884452e+02 -4.148884452e+02 -1.0393e+00 -5.1409e-01 -9.3880e-01 +1.0904e+00 +1.2800e-01 -7.6510e-01 +8.6317e-01 +3.2504e+00 +3.2994e+00 +1.7527e+00 -1.3342e+00 +6.8511e-01 -2.4993e+00 +1.8529e+00 +2.4683e+00 -2.4187e-01 +1.8042e+00 -1.2852e+00 +2.1746e+00 -1.8590e+00
9 +1.230318991e+02 +1.230318991e+02 -4.708081009e+02 -4.708081009e+02 -4.7400e-01 -2.7661e+00 +3.4709e+00 +3.0415e+00 -1.3553e-01 +1.0641e+00 +8.9074e-01 -3.1870e+00 -2.9525e+00 +1.9498e-02 +2.2552e+00 -1.3012e+00 -8.2038e-01 +2.7114e+00 +7.5389e-01 -2.5412e+00 -1.4074e+00 +1.0754e+00 -1.2923e+00 -1.7894e+00
12 +9.666881697e+01 +9.666881697e+01 -4.971711830e+02 -4.971711830e+02 -1.2797e+00 -2.8332e+00 -2.1817e+00 +1.4027e+00 +1.8528e+00 -1.6146e+00 -3.9217e+00 +6.2568e-01 -8.8949e-01 +1.2356e+00 +2.7398e+00 -1.5521e+00 +5.1213e-01 +1.8850e+00 -2.6673e+00 -2.9112e+00 -2.0788e+00 -1.9990e+00 +2.1036e+00 +2.6433e+00
39 +5.486677751e+01 +5.486677751e+01 -5.389732225e+02 -5.389732225e+02 -3.8011e+00 +2.5368e-01 +1.8111e+00 +2.2962e+00 +6.7840e-01 +3.1874e+00 -3.9696e+00 -1.2157e+00 -1.2895e+00 +9.8560e-02 +1.1240e+00 -3.3360e+00 +2.3350e-01 -4.8843e-01 +1.2902e+00 +1.4743e+00 +3.1599e+00 -4.5354e-01 +1.5144e+00 +3.9119e+00
"function evaluation" "noise-free fitness - Fopt (-1.000000000000e+03)" "best noise-free fitness - Fopt" "measured fitness" "best measured fitness" "x1" "x2"
1 +2.157915430e+02 +2.157915430e+02 -7.842084570e+02 -7.842084570e+02 -4.7570e-01 +1.4910e+00 +3.5843e+00 -1.7217e+00 +8.2912e-01 -3.7970e+00 +1.4818e+00 -1.1058e+00 -5.6521e-02 +1.5096e+00 -1.8909e+00 +1.6977e+00 -1.9646e+00 -3.3543e+00 +3.5805e+00 -1.6070e+00 +1.5928e+00 +1.3921e+00 -9.6024e-01 -1.4043e+00
3 +1.507588408e+02 +1.507588408e+02 -8.492411592e+02 -8.492411592e+02 -1.2423e+00 +8.0038e-01 -3.5685e+00 -1.4753e+00 +3.7229e+00 +1.2090e+00 +2.2000e+00 +1.0836e+00 -3.9027e+00 -2.7587e+00 -2.7777e-02 -1.8818e+00 -4.3037e-03 -1.7135e-01 +3.6174e+00 -1.1283e+00 -2.6501e+00 +1.4755e+00 -1.8716e+00 +2.4742e+00
141 +9.845488265e+01 +9.845488265e+01 -9.015451174e+02 -9.015451174e+02 -3.0019e+00 +7.7930e-01 -3.5931e-01 -8.1490e-01 +1.9430e+00 -5.0145e-01 -3.1507e-02 +1.2153e+00 +5.1172e-01 +2.2933e+00 +1.8520e-01 -3.4012e+00 -2.1065e-01 +1.1100e+00 +1.0657e+00 -2.2433e+00 +3.8964e-01 +3.9822e-01 +1.3121e+00 -4.8165e-01
"function evaluation" "noise-free fitness - Fopt (-2.531000000000e+01)" "best noise-free fitness - Fopt" "measured fitness" "best measured fitness" "x1" "x2"
1 +2.691643093e+02 +2.691643093e+02 +2.438543093e+02 +2.438543093e+02 -1.2872e+00 -3.7572e+00 +2.3304e+00 +3.7208e+00 +1.2794e+00 -8.6625e-01 +2.4573e+00 -3.5811e+00 +3.4380e+00 +3.5990e+00 -2.2014e+00 -8.6175e-01 +2.6582e+00 -7.6918e-01 +2.2902e+00 +7.3844e-01 +2.1620e+00 +1.5235e+00 +2.4292e+00 +3.7205e+00
2 +2.001179322e+02 +2.001179322e+02 +1.748079322e+02 +1.748079322e+02 +1.6191e+00 -1.1524e+00 +1.0748e+00 -3.2252e+00 -1.7500e+00 -6.2849e-01 +2.3418e+00 -2.8272e+00 -6.7445e-01 -2.9603e+00 +1.2215e+00 -1.8421e+00 -1.7025e+00 +1.9202e+00 -1.8705e+00 -1.7336e+00 +1.2212e+00 +2.0872e+00 -2.2533e+00 +3.0801e+00
7 +1.545243334e+02 +1.545243334e+02 +1.292143334e+02 +1.292143334e+02 -1.7644e+00 -2.8930e-02 +3.6535e+00 +8.2432e-01 +1.4905e+00 +2.8738e+00 -3.9493e-01 +3.8974e+00 -7.9635e-01 +2.8899e+00 -1.4312e+00 +2.5145e+00 -7.0773e-01 +1.4041e+00 -2.3407e+00 -2.6238e+00 -1.0476e+00 +1.1160e+00 -1.4913e+00 -3.0871e+00
60 +8.580615380e+01 +8.580615380e+01 +6.049615380e+01 +6.049615380e+01 +1.3042e+00 +1.0726e+00 +1.2723e+00 -6.1253e-01 +2.4713e+00 -2.0192e+00 +1.7655e+00 -1.3713e+00 -3.4052e+00 +2.3359e+00 -3.9403e+00 +1.8599e+00 +7.1122e-01 -1.6909e+00 -1.8986e+00 -3.7497e+00 -1.8823e+00 +2.4043e-01 -1.1660e+00 +3.2522e+00
"function evaluation" "noise-free fitness - Fopt (2.228000000000e+01)" "best noise-free fitness - Fopt" "measured fitness" "best measured fitness" "x1" "x2"
1 +1.683045333e+02 +1.683045333e+02 +1.905845333e+02 +1.905845333e+02 -2.6662e+00 +2.5207e+00 -2.0677e+00 +6.7068e-01 -3.6312e+00 +2.6900e+00 +1.3223e-01 -2.0606e+00 +1.9567e-02 -1.4623e+00 -1.0959e+00 +2.5707e-01 +1.2814e+00 +9.7606e-01 -3.1710e+00 +1.6944e+00 -1.4461e+00 -3.3267e-01 +2.9822e+00 +7.7407e-01
2 +1.524356101e+02 +1.524356101e+02 +1.747156101e+02 +1.747156101e+02 -3.3709e+00 -2.0796e+00 +2.8416e+00 -4.6649e-02 -2.3165e+00 -3.2976e+00 +2.2903e-01 +9.1533e-01 +1.8784e+00 -7.0800e-01 +1.2928e+00 -2.6307e-01 -3.4094e-01 -1.9421e+00 +2.6827e+00 +1.9685e+00 +6.1200e-01 +3.3950e+00 +9.8650e-01 +8.8978e-01
39 +8.459627312e+01 +8.459627312e+01 +1.068762731e+02 +1.068762731e+02 -4.6538e-01 -1.8939e-02 +3.3008e-01 +2.0582e+00 -1.4343e+00 +2.5344e+00 -2.8157e+00 +1.7754e-01 -9.7411e-01 -3.4639e-01 -2.9590e+00 +1.0118e+00 -2.6025e+00 -3.3894e+00 +2.7772e+00 -1.8050e+00 -3.4406e+00 +2.2255e+00 +6.6797e-02 +4.0848e-01
"function evaluation" "noise-free fitness - Fopt (3.561400000000e+02)" "best noise-free fitness - Fopt" "measured fitness" "best measured fitness" "x1" "x2"
1 +2.745136464e+02 +2.745136464e+02 +6.306536464e+02 +6.306536464e+02 +3.7380e+00 -2.4984e+00 -3.5600e+00 -6.0154e-01 -7.4658e-01 -2.9418e+00 -1.9511e+00 +5.0956e-01 +2.2775e+00 -5.8776e-01 -2.9472e+00 -3.8724e+00 -1.4689e+00 -3.9495e+00 -5.7621e-01 -6.4564e-01 +1.1825e+00 -1.9462e+00 +2.8882e+00 +3.2546e+00
2 +2.283915658e+02 +2.283915658e+02 +5.845315658e+02 +5.845315658e+02 +3.5782e+00 -3.0924e+00 -1.6792e+00 -1.2601e+00 +3.8326e-01 -1.7653e+00 -8.2178e-01 -5.3030e-01 -1.3266e+00 +3.0222e+00 +1.9179e-01 -2.2258e+00 -3.4763e+00 -3.4989e-01 -1.4203e+00 -1.7042e+00 +3.9913e+00 -3.9817e+00 -1.3538e+00 -1.0157e+00
4 +1.320459912e+02 +1.320459912e+02 +4.881859912e+02 +4.881859912e+02 +3.5057e+00 +1.3437e-01 +7.8717e-01 +3.3228e+00 -3.4064e+00 +2.7763e+00 +1.4571e+00 -5.2529e-01 -4.6698e-01 +1.9927e+00 -5.2464e-01 +4.1331e-01 +1.9953e+00 +8.3285e-01 +1.8415e+00 -1.6890e+00 +9.1915e-01 -1.7161e+00 +6.8136e-01 -8.8016e-01
126 +8.486432365e+01 +8.486432365e+01 +4.410043237e+02 +4.410043237e+02 +3.6463e+00 -2.8679e-01 -7.6274e-01 +2.9280e+00 -9.9154e-01 +3.4050e-01 +7.7135e-01 -2.2599e+00 +1.6949e+00 +3.1085e+00 +3.4666e+00 +1.7282e+00 -2.2207e+00 +2.7292e+00 -3.0128e-01 -3.8372e+00 -3.8470e+00 +1.8114e+00 +2.1190e+00 -3.4761e+00
"function evaluation" "noise-free fitness - Fopt (-4.757000000000e+02)" "best noise-free fitness - Fopt" "measured fitness" "best measured fitness" "x1" "x2"
1 +1.165423239e+02 +1.165423239e+02 -3.591576761e+02 -3.591576761e+02 +1.8005e+00 -3.3157e+00 +3.6166e+00 +2.5369e+00 +1.3944e+00 +6.1231e-02 +3.9482e+00 -2.1456e+00 -2.5454e+00 +2.8256e+00 -3.1450e+00 +2.5065e+00 -1.6564e+00 -1.9239e+00 -5.3139e-01 -3.4710e+00 -1.4986e+00 -4.1722e-01 +8.3257e-01 -2.5292e+00
189 +8.768559325e+01 +8.768559325e+01 -3.880144068e+02 -3.880144068e+02 -1.9878e+00 +1.0065e+00 +3.7582e+00 +1.4572e+00 -1.9874e-01 -1.5667e+00 +2.7633e+00 +3.1935e+00 -2.2906e+00 -3.4010e+00 +1.4070e+00 -1.8314e-01 +1.0103e-01 +3.8892e-01 +1.9117e-01 -2.3613e+00 +5.8476e-01 +8.5394e-01 +4.0838e-01 -1.2740e+00
"function evaluation" "noise-free fitness - Fopt (-1.000000000000e+03)" "best noise-free fitness - Fopt" "measured fitness" "best measured fitness" "x1" "x2"
1 +4.056496666e+02 +4.056496666e+02 -5.943503334e+02 -5.943503334e+02 +2.9379e+00 -3.1016e+00 +2.9682e+00 -1.1214e+00 +2.8043e+00 -3.2240e+00 +3.2279e+00 +2.9561e-02 +2.5643e-02 +3.3361e+00 +3.5908e+00 +2.2384e+00 +1.0456e+00 +2.7803e+00 -3.6059e+00 +2.5443e+00 +2.9870e+00 +2.0695e+00 -3.6231e+00 -3.8991e+00
2 +1.735315512e+02 +1.735315512e+02 -8.264684488e+02 -8.264684488e+02 -1.6445e+00 -3.1093e+00 +2.6503e+00 +2.5930e+00 +8.1955e-01 +8.1209e-01 +7.6734e-01 +1.7661e-01 +2.9597e+00 +2.1513e-01 +2.3529e+00 -5.4824e-01 +1.1261e-01 -3.9230e-01 +3.2104e+00 -1.2172e+00 -3.8232e+00 +2.5285e+00 +4.0662e-01 +7.7923e-01
11 +1.505805667e+02 +1.505805667e+02 -8.494194333e+02 -8.494194333e+02 -3.7011e+00 -2.8055e-01 +2.8732e+00 +1.3800e+00 -1.3654e+00 -2.8194e+00 +1.9299e+00 +3.1475e+00 -6.7665e-01 +1.9066e+00 -2.3263e+00 +3.9969e+00 -1.9985e+00 +3.2375e+00 +4.2447e-01 -1.7770e+00 +2.5498e+00 +1.6750e+00 +1.8787e+00 -2.2693e+00
192 +9.802127729e+01 +9.802127729e+01 -9.019787227e+02 -9.019787227e+02 -3.8599e+00 +1.7690e+00 +2.9401e+00 -2.5975e+00 +2.8084e+00 +2.0850e+00 -2.3912e+00 +9.7225e-01 +3.5060e+00 -1.8133e+00 -2.0931e+00 -1.1295e+00 -1.0730e+00 -2.9010e+00 +8.7219e-01 -1.6533e+00 -1.6614e+00 +1.9344e+00 +2.6055e+00 +3.8702e+00
"function evaluation" "noise-free fitness - Fopt (-4.158000000000e+01)" "best noise-free fitness - Fopt" "measured fitness" "best measured fitness" "x1" "x2"
1 +2.020800130e+02 +2.020800130e+02 +1.605000130e+02 +1.605000130e+02 -1.1299e+00 -1.1284e+00 -3.4029e+00 -3.4197e+00 +3.8392e+00 +1.9765e+00 +3.4888e-03 +2.6988e+00 -2.2965e+00 +4.7441e-01 +1.4080e+00 +3.3396e+00 -1.9512e+00 -3.8604e+00 +2.9676e-01 -3.6944e+00 +9.7076e-01 -1.7929e-01 -2.3959e-01 +3.6028e+00
8 +1.234360611e+02 +1.234360611e+02 +8.185606110e+01 +8.185606110e+01 -1.9618e+00 -1.6209e+00 -2.2079e+00 +2.0151e+00 -3.4653e+00 +2.5579e+00 +6.5839e-01 -2.8004e-01 +2.9568e+00 +3.2555e+00 +1.0728e-01 +6.2544e-02 -2.0109e+00 +3.3144e+00 -1.0674e-01 +2.4924e+00 +1.6456e+00 +1.4298e-01 +1.3486e+00 +1.2027e-02
22 +8.152375236e+01 +8.152375236e+01 +3.994375236e+01 +3.994375236e+01 +1.8964e-01 +1.5487e+00 +1.2320e+00 -1.2166e+00 -1.5139e+00 +2.1052e+00 -2.5461e+00 -3.1521e+00 -6.4003e-01 +2.3267e+00 +2.2673e-01 +8.7034e-01 -6.8271e-01 -3.2195e-01 +1.7658e-01 +2.0586e+00 +9.1720e-01 -3.1554e-01 +1.8283e+00 +1.8414e-01
