"function evaluation" "noise-free fitness - Fopt (7.948000000000e+01)" "best noise-free fitness - Fopt" "measured fitness" "best measured fitness" "x1" "x2"
1 +8.894318624e+01 +8.894318624e+01 +1.684231862e+02 +1.684231862e+02 +1.9086e+00 -5.2751e-01 +7.2623e-02 -7.7726e-01 -3.2363e-01 +2.9499e+00 -3.1678e+00 -2.1723e+00 -3.7462e+00 +3.8039e+00
2 +3.409935585e+01 +3.409935585e+01 +1.135793558e+02 +1.135793558e+02 +3.4166e-01 -3.2438e+00 +3.8516e-01 +3.8336e+00 -3.2742e+00 -5.9834e-01 -3.3258e+00 +2.0752e+00 +3.9870e-01 -7.7684e-01
95 +2.248356050e+01 +2.248356050e+01 +1.019635605e+02 +1.019635605e+02 -4.8672e-01 -2.4724e+00 -9.6668e-01 +7.1496e-01 -3.6138e+00 +2.4512e+00 -5.1872e-01 -3.2847e+00 -2.7901e+00 -3.8753e+00
203 +1.499975669e+01 +1.499975669e+01 +9.447975669e+01 +9.447975669e+01 -9.5180e-01 -4.6494e-01 -1.9535e+00 +2.8255e+00 -2.1594e+00 -5.2556e-01 +1.3961e+00 -1.7511e+00 -9.2023e-01 -1.2504e+00
"function evaluation" "noise-free fitness - Fopt (3.944800000000e+02)" "best noise-free fitness - Fopt" "measured fitness" "best measured fitness" "x1" "x2"
1 +1.262850348e+02 +1.262850348e+02 +5.207650348e+02 +5.207650348e+02 -2.3061e+00 -2.6956e+00 +7.3388e-01 -3.4866e+00 -1.3575e+00 +2.3178e+00 +3.8192e+00 +3.3797e+00 -4.4876e-01 -3.3695e+00
5 +7.598229843e+01 +7.598229843e+01 +4.704622984e+02 +4.704622984e+02 -3.6904e+00 -7.3628e-01 -3.1228e+00 +2.5131e-01 -2.8857e+00 -2.8113e+00 +1.8911e+00 -6.9295e-01 +2.2181e+00 +1.8697e+00
36 +5.797094572e+01 +5.797094572e+01 +4.524509457e+02 +4.524509457e+02 -3.4485e+00 +1.2525e+00 -9.2875e-01 +1.9739e+00 +3.9468e+00 -1.3290e+00 +8.5777e-01 +2.3139e+00 -1.9974e+00 -3.3196e+00
119 +3.980138621e+01 +3.980138621e+01 +4.342813862e+02 +4.342813862e+02 -1.8715e+00 -2.9901e+00 -2.2773e+00 +1.1925e+00 +1.5639e+00 -2.2449e+00 +3.0123e+00 +1.6479e-01 -7.3325e-01 +1.1913e+00
658 +1.919826159e+01 +1.919826159e+01 +4.136782616e+02 +4.136782616e+02 -2.4926e+00 -3.2335e+00 -3.5732e+00 +3.4398e+00 +1.5257e+00 -1.0382e+00 +6.3597e-01 +2.2157e-01 +8.4331e-01 -2.5674e+00
"function evaluation" "noise-free fitness - Fopt (-2.471100000000e+02)" "best noise-free fitness - Fopt" "measured fitness" "best measured fitness" "x1" "x2"
1 +8.478364076e+01 +8.478364076e+01 -1.623263592e+02 -1.623263592e+02 +1.8910e-01 +2.4057e+00 -1.0298e+00 +2.0643e+00 -3.3184e+00 -1.5095e+00 +6.4467e-01 -3.9335e+00 +3.0058e+00 +2.7673e+00
18 +5.806194108e+01 +5.806194108e+01 -1.890480589e+02 -1.890480589e+02 -3.0667e+00 -1.7681e+00 -1.5942e+00 -3.6154e+00 -1.2749e-01 +3.1860e+00 -2.7476e+00 -1.1926e+00 +3.5702e-01 +2.6813e+00
42 +2.961158286e+01 +2.961158286e+01 -2.174984171e+02 -2.174984171e+02 -1.7807e+00 -1.4986e+00 -8.5837e-01 -3.0485e+00 -3.5737e+00 +3.8037e+00 +2.9935e+00 -1.9800e+00 -1.8076e+00 -7.7663e-01
"function evaluation" "noise-free fitness - Fopt (-1.520400000000e+02)" "best noise-free fitness - Fopt" "measured fitness" "best measured fitness" "x1" "x2"
1 +1.217242271e+02 +1.217242271e+02 -3.031577287e+01 -3.031577287e+01 -3.2953e+00 -8.8598e-01 -8.9736e-01 -3.7668e+00 +2.9560e+00 -4.4846e-02 -2.9131e+00 -3.7182e+00 -5.8815e-01 -2.0172e+00
2 +7.768036009e+01 +7.768036009e+01 -7.435963991e+01 -7.435963991e+01 +3.6393e+00 -1.4036e+00 -3.5472e+00 -2.2539e+00 +1.4643e+00 +3.1926e+00 +5.3182e-01 -2.1883e+00 -1.2496e+00 +2.2383e+00
8 +5.036361601e+01 +5.036361601e+01 -1.016763840e+02 -1.016763840e+02 +1.4663e+00 +6.3937e-01 -2.4999e-01 +1.9834e+00 -1.8292e+00 +2.6323e-01 -3.2795e+00 -1.0827e+00 +1.4121e+00 +7.3622e-01
14 +3.843641733e+01 +3.843641733e+01 -1.136035827e+02 -1.136035827e+02 +2.6237e+00 +1.3107e-01 -1.1570e+00 +1.8860e+00 +2.2752e+00 +1.0163e+00 -1.5810e+00 +3.4762e+00 +1.4645e+00 +3.6892e+00
59 +2.482793996e+01 +2.482793996e+01 -1.272120600e+02 -1.272120600e+02 +1.4584e-01 -1.7072e+00 -3.4978e+00 +2.3065e+00 +3.3185e-01 +1.3817e+00 -2.4527e+00 -2.7174e+00 +2.3828e+00 +2.7789e+00
200 +1.411588502e+01 +1.411588502e+01 -1.379241150e+02 -1.379241150e+02 -1.3570e+00 +1.4538e+00 -1.0315e+00 +2.9201e+00 +3.7742e+00 -5.0054e-01 -2.3130e+00 -6.2032e-01 +1.4930e+00 +3.1812e+00
"function evaluation" "noise-free fitness - Fopt (-2.525000000000e+01)" "best noise-free fitness - Fopt" "measured fitness" "best measured fitness" "x1" "x2"
1 +1.171935160e+02 +1.171935160e+02 +9.194351596e+01 +9.194351596e+01 +9.3695e-01 +1.5230e+00 -2.0334e+00 -3.4653e+00 +1.0094e+00 -3.0921e+00 +3.4687e+00 -1.3509e+00 -3.9210e+00 +2.8068e+00
2 +9.427161272e+01 +9.427161272e+01 +6.902161272e+01 +6.902161272e+01 -2.6306e-02 -3.9973e-01 -2.5326e-01 +1.4456e+00 +1.6481e-02 -1.8971e+00 +2.5279e+00 -3.4286e+00 -3.5606e+00 -3.1869e+00
6 +6.092928011e+01 +6.092928011e+01 +3.567928011e+01 +3.567928011e+01 +2.9981e+00 -3.0562e+00 -2.8918e+00 -1.5054e+00 -2.3848e+00 +1.3004e+00 -8.1116e-01 -9.5639e-01 +6.5661e-01 -1.9118e-01
19 +2.802707124e+01 +2.802707124e+01 +2.777071242e+00 +2.777071242e+00 +2.4121e+00 -1.1265e+00 +9.4033e-01 -1.4143e+00 +2.4121e+00 -1.6910e+00 -1.2275e+00 +1.3819e+00 +2.4568e+00 -1.6942e+00
216 +1.490376403e+01 +1.490376403e+01 -1.034623597e+01 -1.034623597e+01 +2.0029e+00 -3.3381e-01 -2.3330e+00 -1.2876e-01 +3.4977e+00 +6.3054e-01 -3.8508e+00 -1.2098e+00 +1.5062e+00 -7.8395e-01
"function evaluation" "noise-free fitness - Fopt (-2.017200000000e+02)" "best noise-free fitness - Fopt" "measured fitness" "best measured fitness" "x1" "x2"
1 +1.065575831e+02 +1.065575831e+02 -9.516241686e+01 -9.516241686e+01 +1.2884e+00 -1.2297e+00 +1.4717e+00 -1.7395e+00 -1.9796e+00 +3.0255e+00 -3.8385e+00 +7.8787e-01 +2.4534e+00 +3.0227e+00
3 +6.844907762e+01 +6.844907762e+01 -1.332709224e+02 -1.332709224e+02 +1.9251e+00 -2.3600e+00 -1.2388e+00 -2.2848e+00 -2.5675e+00 +3.2552e+00 -2.0604e+00 +1.4342e+00 -1.4021e+00 -2.8885e+00
10 +4.644156059e+01 +4.644156059e+01 -1.552784394e+02 -1.552784394e+02 -2.6449e+00 -3.3535e+00 -7.8153e-01 -4.0005e-01 +7.3431e-01 +3.6902e+00 -3.9580e+00 -1.5760e-01 +3.2131e+00 -3.1676e+00
35 +3.662089016e+01 +3.662089016e+01 -1.650991098e+02 -1.650991098e+02 -1.3002e+00 -3.1857e+00 +2.7708e+00 +2.1886e+00 +2.6461e+00 +1.9908e+00 -9.2506e-01 +1.7953e+00 +3.8738e+00 -3.4183e+00
72 +2.043867086e+01 +2.043867086e+01 -1.812813291e+02 -1.812813291e+02 -8.2654e-01 -1.6354e+00 +4.9842e-01 +3.1505e+00 +1.5247e+00 +2.1141e+00 -3.0419e+00 +1.8208e+00 +2.8607e+00 -1.6740e+00
"function evaluation" "noise-free fitness - Fopt (-1.000000000000e+03)" "best noise-free fitness - Fopt" "measured fitness" "best measured fitness" "x1" "x2"
1 +1.336075821e+02 +1.336075821e+02 -8.663924179e+02 -8.663924179e+02 +1.2884e+00 -1.2297e+00 +1.4717e+00 -1.7395e+00 -1.9796e+00 +3.0255e+00 -3.8385e+00 +7.8787e-01 +2.4534e+00 +3.0227e+00
2 +5.763657648e+01 +5.763657648e+01 -9.423634235e+02 -9.423634235e+02 +1.7635e+00 -2.7424e+00 +2.0776e+00 -2.4093e+00 +3.4535e+00 +3.1959e+00 +2.9385e+00 -2.0521e+00 -1.4846e+00 +4.8451e-01
20 +3.910680983e+01 +3.910680983e+01 -9.608931902e+02 -9.608931902e+02 -5.4216e-01 -2.5096e+00 -8.0922e-01 -9.6977e-01 +2.7696e+00 -1.7515e+00 -2.9816e+00 -2.6921e+00 -7.4348e-01 +2.0805e+00
53 +2.085737730e+01 +2.085737730e+01 -9.791426227e+02 -9.791426227e+02 +5.0143e-01 -1.6676e+00 +2.1766e+00 -1.5203e+00 +1.3922e+00 -8.0996e-01 +1.1535e+00 -3.3245e+00 -2.9869e+00 +1.7889e+00
"function evaluation" "noise-free fitness - Fopt (-4.290000000000e+01)" "best noise-free fitness - Fopt" "measured fitness" "best measured fitness" "x1" "x2"
1 +9.720930449e+01 +9.720930449e+01 +5.430930449e+01 +5.430930449e+01 -1.0757e+00 +1.9076e+00 +3.2684e-01 -1.5328e+00 -3.6797e+00 +1.8970e+00 -3.4926e+00 -3.1393e+00 -1.8224e+00 -7.3516e-01
4 +4.718372152e+01 +4.718372152e+01 +4.283721521e+00 +4.283721521e+00 +1.0360e+00 +2.9616e+00 +6.7965e-01 +2.1683e+00 -3.0226e+00 -5.5679e-01 -1.8983e+00 +1.3441e+00 +1.7748e+00 +2.6054e-01
109 +1.681936556e+01 +1.681936556e+01 -2.608063444e+01 -2.608063444e+01 +2.4008e+00 +2.5271e+00 +2.4865e+00 -1.7482e+00 -2.9936e+00 -7.4029e-01 -2.7181e+00 +1.3978e+00 +2.7231e+00 -3.6483e+00
432 +1.252973360e+01 +1.252973360e+01 -3.037026640e+01 -3.037026640e+01 +1.9887e+00 +2.0626e+00 +3.2703e+00 +8.0369e-01 -3.8475e+00 -1.5066e+00 -5.9052e-01 -1.1749e+00 +1.6623e+00 -1.7652e+00
"function evaluation" "noise-free fitness - Fopt (-1.013200000000e+02)" "best noise-free fitness - Fopt" "measured fitness" "best measured fitness" "x1" "x2"
1 +1.629261113e+02 +1.629261113e+02 +6.160611129e+01 +6.160611129e+01 -3.8755e+00 -2.0752e+00 +3.2689e+00 +3.8444e+00 -2.6630e+00 -1.3097e+00 +1.9500e-01 -1.9797e+00 +3.6436e+00 +1.8945e-01
2 +7.045072743e+01 +7.045072743e+01 -3.086927257e+01 -3.086927257e+01 +1.1784e+00 +2.5273e+00 -3.8622e+00 -3.0262e+00 -2.5905e+00 -1.9211e+00 +1.5880e-02 +2.4929e+00 -3.1687e+00 +2.9049e+00
9 +3.955560464e+01 +3.955560464e+01 -6.176439536e+01 -6.176439536e+01 +5.0045e-01 +3.2154e+00 +9.4679e-01 +1.6836e+00 -3.4167e-01 -4.6462e-02 +3.9678e+00 -1.6028e+00 -3.9409e+00 +3.5027e+00
554 +7.121595884e+00 +7.121595884e+00 -9.419840412e+01 -9.419840412e+01 +6.2741e-01 +3.1673e+00 +3.5635e+00 -2.4664e+00 -3.6856e+00 -1.4738e+00 +2.5454e+00 -2.3199e+00 -2.5029e+00 +1.0158e+00
"function evaluation" "noise-free fitness - Fopt (3.650000000000e+00)" "best noise-free fitness - Fopt" "measured fitness" "best measured fitness" "x1" "x2"
1 +1.167428702e+02 +1.167428702e+02 +1.203928702e+02 +1.203928702e+02 -2.2025e+00 -9.5020e-01 +3.4900e-01 -3.4541e-01 +6.4524e-01 +8.9828e-01 +3.5958e+00 -1.6201e+00 +3.8409e+00 -4.1950e-01
2 +9.682565682e+01 +9.682565682e+01 +1.004756568e+02 +1.004756568e+02 +1.8059e+00 -2.1009e+00 -2.1752e+00 -3.5835e+00 +9.8185e-02 -1.8745e+00 -2.1139e+00 +3.7047e+00 -2.9918e+00 -1.8963e+00
9 +5.262569233e+01 +5.262569233e+01 +5.627569233e+01 +5.627569233e+01 -2.9999e-01 -7.0927e-01 -7.0843e-01 +3.9129e+00 -2.1472e+00 -2.2681e+00 +3.9302e+00 +1.9190e+00 +2.4879e+00 -9.5889e-01
39 +3.867725500e+01 +3.867725500e+01 +4.232725500e+01 +4.232725500e+01 +3.2235e+00 -2.8114e-01 +8.8011e-01 +2.9954e+00 -6.3554e-02 -2.5002e+00 +1.5986e+00 +3.8962e+00 -3.4425e+00 +1.0781e+00
455 +1.790712133e+01 +1.790712133e+01 +2.155712133e+01 +2.155712133e+01 -2.1675e+00 -2.4686e+00 -4.7545e-01 +2.1312e+00 -2.6058e+00 -2.8248e+00 +5.8530e-02 -9.6946e-01 -2.7619e+00 -1.8533e+00
"function evaluation" "noise-free fitness - Fopt (2.205300000000e+02)" "best noise-free fitness - Fopt" "measured fitness" "best measured fitness" "x1" "x2"
1 +1.545848278e+02 +1.545848278e+02 +3.751148278e+02 +3.751148278e+02 -1.4249e+00 -1.2369e+00 +2.8041e+00 -3.4851e-01 +2.7172e+00 +2.4430e+00 +3.2693e+00 -7.2009e-01 -1.3128e+00 -2.5940e+00
5 +5.698867558e+01 +5.698867558e+01 +2.775186756e+02 +2.775186756e+02 +1.5054e+00 -6.7265e-01 -1.5804e+00 +3.7251e+00 +3.3496e+00 -7.0059e-01 -1.4561e+00 -8.1241e-01 +2.0959e+00 +2.9409e+00
27 +3.908573738e+01 +3.908573738e+01 +2.596157374e+02 +2.596157374e+02 +2.5667e+00 -6.6982e-01 -1.5041e-01 +4.8823e-01 +2.5417e+00 -3.5129e-01 -2.2629e+00 +2.2712e+00 +2.2708e+00 -9.2528e-01
143 +2.447063666e+01 +2.447063666e+01 +2.450006367e+02 +2.450006367e+02 +2.7324e+00 -2.1450e+00 -1.3679e+00 -5.4347e-02 +9.2182e-01 -1.5518e+00 -1.4512e+00 +1.2568e+00 +1.1898e+00 +2.7389e+00
"function evaluation" "noise-free fitness - Fopt (4.212900000000e+02)" "best noise-free fitness - Fopt" "measured fitness" "best measured fitness" "x1" "x2"
1 +1.153648004e+02 +1.153648004e+02 +5.366548004e+02 +5.366548004e+02 +9.7213e-01 +6.1040e-01 -3.7504e-01 +7.0883e-01 -2.1018e-01 -3.0998e+00 +8.8553e-01 -1.7521e+00 -8.7603e-01 -3.5928e-01
2 +9.662209536e+01 +9.662209536e+01 +5.179120954e+02 +5.179120954e+02 +8.1182e-01 -9.0644e-01 -2.3521e+00 -1.1598e+00 +7.3466e-01 -1.1025e+00 -7.1736e-01 +3.6648e+00 -1.7025e+00 +1.6217e+00
3 +4.091248967e+01 +4.091248967e+01 +4.622024897e+02 +4.622024897e+02 -2.7522e+00 +2.3956e+00 +2.0165e-01 -1.3470e+00 -1.8680e-01 -1.2894e+00 +2.2384e+00 +2.3268e+00 -1.5701e+00 -5.1812e-01
110 +3.806591013e+01 +3.806591013e+01 +4.593559101e+02 +4.593559101e+02 -2.4036e+00 +1.9400e+00 +4.3431e-01 -2.4489e+00 -5.9278e-01 -1.7287e-01 +3.1701e+00 +1.5573e+00 -1.6274e+00 -9.2667e-01
592 +1.878734337e+01 +1.878734337e+01 +4.400773434e+02 +4.400773434e+02 -3.8215e+00 +2.1346e+00 +9.0370e-01 -3.8675e+00 -2.8969e+00 +3.0609e+00 -3.4278e-01 +2.7313e+00 +5.4506e-01 +1.2545e+00
"function evaluation" "noise-free fitness - Fopt (-7.900000000000e+01)" "best noise-free fitness - Fopt" "measured fitness" "best measured fitness" "x1" "x2"
1 +5.507186583e+01 +5.507186583e+01 -2.392813417e+01 -2.392813417e+01 -1.0595e+00 +3.9269e+00 -2.3438e+00 +2.3326e+00 -9.0697e-01 +2.1177e+00 +1.2125e+00 -4.5600e-01 +2.0156e+00 +2.2096e+00
25 +2.384160616e+01 +2.384160616e+01 -5.515839384e+01 -5.515839384e+01 -2.1547e+00 -3.7807e-01 -8.8963e-01 +1.4158e+00 -3.0390e+00 -3.1556e+00 +4.5900e-01 +7.1632e-01 +1.4759e+00 +3.2036e+00
46 +1.489462471e+01 +1.489462471e+01 -6.410537529e+01 -6.410537529e+01 -1.9231e+00 +7.2222e-01 -1.1286e+00 -2.7887e-01 -2.3979e+00 -1.7530e+00 -7.0405e-01 -9.5433e-01 -2.4468e-01 +1.9480e+00
"function evaluation" "noise-free fitness - Fopt (-4.133000000000e+01)" "best noise-free fitness - Fopt" "measured fitness" "best measured fitness" "x1" "x2"
1 +8.384188201e+01 +8.384188201e+01 +4.251188201e+01 +4.251188201e+01 -1.0757e+00 +1.9076e+00 +3.2684e-01 -1.5328e+00 -3.6797e+00 +1.8970e+00 -3.4926e+00 -3.1393e+00 -1.8224e+00 -7.3516e-01
2 +5.698016546e+01 +5.698016546e+01 +1.565016546e+01 +1.565016546e+01 +2.1488e+00 +1.4063e+00 -1.5129e+00 -3.2450e+00 +2.8745e+00 -3.6633e+00 +1.5277e+00 -5.7020e-01 -2.8472e+00 -1.8256e+00
33 +3.612747747e+01 +3.612747747e+01 -5.202522531e+00 -5.202522531e+00 -7.0553e-01 +6.3423e-01 +9.3626e-01 -6.5494e-01 +5.0704e-01 -1.2024e+00 -1.1780e+00 -8.4516e-01 +3.4168e-01 +8.5084e-01
268 +1.152414068e+01 +1.152414068e+01 -2.980585932e+01 -2.980585932e+01 +1.4556e+00 +1.0304e+00 +2.1665e-01 -2.2971e+00 +2.3654e+00 -3.8570e+00 -3.4240e+00 -3.8704e+00 -1.1700e+00 +2.0810e+00
"function evaluation" "noise-free fitness - Fopt (2.127500000000e+02)" "best noise-free fitness - Fopt" "measured fitness" "best measured fitness" "x1" "x2"
1 +9.148775430e+01 +9.148775430e+01 +3.042377543e+02 +3.042377543e+02 +2.8437e+00 -2.8727e+00 -6.3718e-01 -4.7801e-01 -2.6503e+00 -1.4970e-01 -2.8112e+00 -1.7716e+00 +2.8441e+00 +3.4544e+00
2 +4.100546104e+01 +4.100546104e+01 +2.537554610e+02 +2.537554610e+02 +2.2584e-01 -2.1287e+00 -3.8315e+00 -7.2632e-01 -1.5317e-01 -9.5763e-01 -1.9466e+00 +9.3111e-01 -7.4170e-01 +3.0360e+00
13 +3.516184135e+01 +3.516184135e+01 +2.479118414e+02 +2.479118414e+02 +4.0529e-03 -3.0541e+00 -3.6973e+00 +1.1604e+00 -8.1705e-01 -1.9123e+00 +2.9127e+00 -8.8057e-01 -2.6615e+00 +3.0580e+00
365 +2.109147394e+01 +2.109147394e+01 +2.338414739e+02 +2.338414739e+02 -3.6083e+00 -3.9373e+00 -1.5300e+00 -3.6567e+00 -5.7406e-01 -3.0638e+00 +3.0863e+00 -7.7647e-01 +6.1376e-01 +1.2781e+00
"function evaluation" "noise-free fitness - Fopt (6.480000000000e+00)" "best noise-free fitness - Fopt" "measured fitness" "best measured fitness" "x1" "x2"
1 +1.096761097e+02 +1.096761097e+02 +1.161561097e+02 +1.161561097e+02 +2.9210e+00 -5.5549e-01 +1.7855e+00 -1.2850e+00 -2.7278e+00 +8.2885e-01 +1.4247e+00 +2.2208e+00 +1.6121e+00 +3.1488e+00
2 +3.667191070e+01 +3.667191070e+01 +4.315191070e+01 +4.315191070e+01 +1.0831e+00 -2.1459e+00 -3.3952e+00 +3.1630e+00 +1.8822e+00 -2.9969e-01 -2.3345e+00 -2.4619e+00 +3.5059e+00 -2.8944e+00
123 +2.131729457e+01 +2.131729457e+01 +2.779729457e+01 +2.779729457e+01 +1.0209e+00 -1.5692e+00 -6.5266e-01 +2.9856e+00 +3.3195e+00 -1.1421e-01 -1.2737e+00 +2.8547e-01 -4.7310e-01 -1.2388e+00
170 +1.165817271e+01 +1.165817271e+01 +1.813817271e+01 +1.813817271e+01 +1.6511e+00 -1.1771e+00 -2.1005e+00 +3.7143e-01 -3.3511e-01 -5.3082e-01 -1.0176e+00 -6.8703e-01 +4.5146e-01 -2.3750e+00
311 +8.773779619e+00 +8.773779619e+00 +1.525377962e+01 +1.525377962e+01 +1.8835e+00 -1.4807e+00 -2.2123e+00 +1.0347e+00 -2.7948e-01 -1.5320e+00 -1.7396e+00 -1.7391e+00 -3.7559e+00 -2.9657e+00
"function evaluation" "noise-free fitness - Fopt (-2.995100000000e+02)" "best noise-free fitness - Fopt" "measured fitness" "best measured fitness" "x1" "x2"
1 +1.170293904e+02 +1.170293904e+02 -1.824806096e+02 -1.824806096e+02 +3.7640e+00 +1.6325e+00 +2.4252e+00 +6.9690e-01 -1.4265e+00 +1.4745e+00 +1.3643e+00 +3.4643e+00 +3.7939e+00 +2.1835e+00
3 +6.848861733e+01 +6.848861733e+01 -2.310213827e+02 -2.310213827e+02 +2.4518e+00 +1.2042e+00 -1.5608e+00 -1.4156e+00 -2.1881e+00 +3.2113e+00 +1.1983e+00 +7.1985e-02 +1.4631e+00 -1.3220e+00
8 +3.013387787e+01 +3.013387787e+01 -2.693761221e+02 -2.693761221e+02 +2.1594e-01 -2.6380e+00 +7.2501e-01 -2.7288e+00 -1.5807e+00 -2.9233e+00 -3.5398e+00 -6.1573e-01 +6.4606e-01 -2.9856e+00
545 +1.854152629e+01 +1.854152629e+01 -2.809684737e+02 -2.809684737e+02 +3.8233e+00 -1.9673e+00 +4.5885e-01 +1.7540e+00 -1.2423e+00 -2.8192e+00 -4.7372e-01 +6.2810e-01 -1.4541e+00 -3.0137e+00
579 +1.050058002e+01 +1.050058002e+01 -2.890094200e+02 -2.890094200e+02 +2.9606e+00 -1.8038e+00 +6.0085e-01 +9.5390e-01 -1.6345e+00 -1.2902e+00 -2.0984e+00 -9.7361e-02 -1.8655e+00 -3.2259e+00
"function evaluation" "noise-free fitness - Fopt (1.653000000000e+02)" "best noise-free fitness - Fopt" "measured fitness" "best measured fitness" "x1" "x2"
1 +8.273701883e+01 +8.273701883e+01 +2.480370188e+02 +2.480370188e+02 -1.6693e+00 +2.0879e+00 -1.7788e-01 -1.7901e+00 +7.3666e-01 +2.0117e+00 +6.8708e-01 +3.3738e+00 +1.4279e-01 +3.9059e+00
2 +5.496548294e+01 +5.496548294e+01 +2.202654829e+02 +2.202654829e+02 -1.7250e+00 +4.4183e-01 +4.7720e-01 +3.7700e+00 +1.4327e+00 -2.4120e+00 +3.9919e+00 +4.0954e-01 -1.9945e+00 +7.1957e-01
91 +3.358291746e+01 +3.358291746e+01 +1.988829175e+02 +1.988829175e+02 -2.5244e+00 +2.0625e+00 +4.5556e-01 +1.9469e+00 -2.7230e+00 -2.1797e+00 +3.2874e+00 -1.3625e+00 +2.8528e+00 -1.0448e+00
268 +2.281679712e+01 +2.281679712e+01 +1.881167971e+02 +1.881167971e+02 -1.3487e+00 -1.8749e+00 -2.1263e+00 +2.5451e+00 -2.7618e+00 -2.0736e+00 -2.5673e-01 +4.7314e-01 +1.8825e+00 +1.1162e+00
604 +1.461814066e+01 +1.461814066e+01 +1.799181407e+02 +1.799181407e+02 -3.0143e+00 -1.0621e+00 -1.5653e+00 +3.4615e+00 -3.1984e+00 -2.6583e+00 +2.8685e+00 +1.6305e+00 +2.3525e+00 +2.4663e-01
"function evaluation" "noise-free fitness - Fopt (-1.737100000000e+02)" "best noise-free fitness - Fopt" "measured fitness" "best measured fitness" "x1" "x2"
1 +9.542413764e+01 +9.542413764e+01 -7.828586236e+01 -7.828586236e+01 -2.6681e+00 +7.2014e-01 +1.7794e+00 +3.4035e+00 +2.1357e+00 -9.4969e-01 -2.8423e+00 -1.4648e-01 -1.1345e+00 +6.7464e-01
2 +5.266228711e+01 +5.266228711e+01 -1.210477129e+02 -1.210477129e+02 +8.0627e-01 -4.1054e-02 +2.6382e+00 +3.6877e+00 +2.7822e+00 -9.6335e-01 +3.1442e+00 -6.6835e-02 -4.4321e-01 +1.6766e+00
10 +2.511741969e+01 +2.511741969e+01 -1.485925803e+02 -1.485925803e+02 +5.1125e-01 -1.9055e+00 -3.4585e-01 -4.3328e-01 -2.3435e+00 +1.0918e+00 +2.2331e+00 +3.3795e+00 -9.1977e-01 +3.7768e-01
53 +1.543602475e+01 +1.543602475e+01 -1.582739752e+02 -1.582739752e+02 +7.5810e-01 -5.7612e-01 -3.3053e+00 +1.5420e+00 -2.0463e+00 -5.6253e-01 +3.1374e+00 +6.3277e-01 +2.3200e+00 -1.9112e+00
"function evaluation" "noise-free fitness - Fopt (5.694000000000e+01)" "best noise-free fitness - Fopt" "measured fitness" "best measured fitness" "x1" "x2"
1 +1.108286156e+02 +1.108286156e+02 +1.677686156e+02 +1.677686156e+02 -1.5612e+00 -2.9248e+00 +3.7946e+00 +2.4224e+00 +3.6010e+00 -2.6367e+00 -9.7194e-01 +1.9186e+00 +4.7740e-01 -2.2671e+00
2 +2.249807333e+01 +2.249807333e+01 +7.943807333e+01 +7.943807333e+01 +3.7564e-01 -3.1511e+00 -2.5981e+00 +1.1909e+00 +1.1211e+00 +1.2531e-01 +9.5031e-02 -2.3919e+00 -1.2150e+00 +2.4296e+00
"function evaluation" "noise-free fitness - Fopt (-1.336400000000e+02)" "best noise-free fitness - Fopt" "measured fitness" "best measured fitness" "x1" "x2"
1 +1.537016300e+02 +1.537016300e+02 +2.006162995e+01 +2.006162995e+01 -1.7431e+00 +1.7453e+00 -3.8562e+00 +9.2693e-01 +2.0809e-01 -1.6034e+00 -3.7457e+00 +3.4239e+00 +3.9414e+00 +1.8863e+00
7 +8.406342506e+01 +8.406342506e+01 -4.957657494e+01 -4.957657494e+01 +3.4774e+00 +2.8041e+00 -3.8016e+00 -2.9791e+00 -4.8440e-01 +2.3176e+00 -1.0015e+00 +7.9793e-01 +3.9580e+00 -5.7312e-01
16 +1.965073403e+01 +1.965073403e+01 -1.139892660e+02 -1.139892660e+02 +1.8217e+00 +3.8467e+00 -3.5056e+00 -4.6878e-01 +3.4387e+00 -1.2697e+00 -3.5393e-01 -2.3404e+00 +3.6192e+00 -3.0494e+00
"function evaluation" "noise-free fitness - Fopt (-5.780000000000e+00)" "best noise-free fitness - Fopt" "measured fitness" "best measured fitness" "x1" "x2"
1 +1.265352491e+02 +1.265352491e+02 +1.207552491e+02 +1.207552491e+02 +3.8656e+00 -1.9984e+00 +2.4143e+00 -2.8262e+00 +2.6214e+00 +1.9780e+00 -8.5235e-01 -1.4710e+00 +2.9156e-01 -3.7553e+00
2 +5.882239332e+01 +5.882239332e+01 +5.304239332e+01 +5.304239332e+01 -1.8420e+00 +2.2599e+00 +3.6660e-01 +2.9705e+00 +1.3904e+00 -3.1108e-01 -7.2792e-01 +1.0318e+00 +6.5796e-01 -4.6572e-01
34 +3.141168155e+01 +3.141168155e+01 +2.563168155e+01 +2.563168155e+01 -1.0523e+00 +1.2190e+00 +3.3047e+00 +1.0811e-01 +1.6096e+00 -1.9194e+00 -5.9064e-01 -5.5030e-01 -8.5721e-01 +1.5916e+00
284 +2.278785240e+01 +2.278785240e+01 +1.700785240e+01 +1.700785240e+01 -1.6461e+00 -3.3194e+00 +2.8017e+00 +2.4061e+00 +1.9282e+00 -1.3838e+00 -3.0796e-01 +5.9013e-01 -1.1679e-01 +2.0598e+00
"function evaluation" "noise-free fitness - Fopt (4.996000000000e+01)" "best noise-free fitness - Fopt" "measured fitness" "best measured fitness" "x1" "x2"
1 +1.119864010e+02 +1.119864010e+02 +1.619464010e+02 +1.619464010e+02 +9.3695e-01 +1.5230e+00 -2.0334e+00 -3.4653e+00 +1.0094e+00 -3.0921e+00 +3.4687e+00 -1.3509e+00 -3.9210e+00 +2.8068e+00
4 +6.374091135e+01 +6.374091135e+01 +1.137009114e+02 +1.137009114e+02 -3.3548e+00 -9.3479e-01 +8.5073e-01 -3.1392e+00 -1.1528e-01 +1.7548e-01 +2.8869e+00 +2.7896e+00 -2.4736e+00 +7.0282e-01
5 +3.276879941e+01 +3.276879941e+01 +8.272879941e+01 +8.272879941e+01 +1.8405e-01 +2.8614e+00 +3.6076e-01 +2.1669e+00 -3.4743e+00 -8.5966e-01 +1.4933e+00 +1.9791e+00 -1.3408e+00 -8.3955e-01
432 +2.364163745e+01 +2.364163745e+01 +7.360163745e+01 +7.360163745e+01 -3.5566e-01 +9.0125e-01 +1.0070e+00 -6.2584e-01 -2.1326e+00 -9.2937e-01 -3.3870e+00 +1.0337e+00 +1.6422e+00 -7.8771e-01
674 +9.421277608e+00 +9.421277608e+00 +5.938127761e+01 +5.938127761e+01 -1.9425e+00 +1.8223e+00 +1.6126e+00 -1.5515e+00 -2.7855e+00 -3.2835e+00 -3.4588e+00 +3.2959e+00 -3.2852e+00 +1.4918e+00
"function evaluation" "noise-free fitness - Fopt (-1.266700000000e+02)" "best noise-free fitness - Fopt" "measured fitness" "best measured fitness" "x1" "x2"
1 +5.999657153e+01 +5.999657153e+01 -6.667342847e+01 -6.667342847e+01 -2.2025e+00 -9.5020e-01 +3.4900e-01 -3.4541e-01 +6.4524e-01 +8.9828e-01 +3.5958e+00 -1.6201e+00 +3.8409e+00 -4.1950e-01
7 +3.365128249e+01 +3.365128249e+01 -9.301871751e+01 -9.301871751e+01 -8.7049e-01 -1.5334e+00 -1.0720e+00 +1.2290e+00 +1.3330e-01 -4.8946e-01 +3.4740e+00 +1.7849e+00 +1.8830e+00 +3.1753e-01
230 +1.239057622e+01 +1.239057622e+01 -1.142794238e+02 -1.142794238e+02 -2.3293e+00 -1.6036e+00 +2.5285e+00 +1.5551e+00 -3.1337e+00 -9.2829e-01 +3.5368e+00 +1.0583e+00 -2.7915e+00 +4.0413e-01
"function evaluation" "noise-free fitness - Fopt (7.427000000000e+01)" "best noise-free fitness - Fopt" "measured fitness" "best measured fitness" "x1" "x2"
1 +1.315175871e+02 +1.315175871e+02 +2.057875871e+02 +2.057875871e+02 -2.1118e+00 +3.8949e+00 +1.3930e+00 -1.4844e+00 -4.3792e-02 +3.9419e+00 +1.8161e+00 -9.8420e-01 +2.6356e+00 -1.6641e+00
2 +9.313183079e+01 +9.313183079e+01 +1.674018308e+02 +1.674018308e+02 +3.8694e+00 +2.6469e+00 +9.7538e-01 +5.1568e-02 +4.0052e-01 -2.9030e+00 +3.8163e+00 -7.4989e-01 -1.3555e+00 +9.2144e-01
10 +4.871585954e+01 +4.871585954e+01 +1.229858595e+02 +1.229858595e+02 +9.5853e-01 +3.5017e+00 +1.5522e+00 -2.1860e+00 +3.1423e+00 +2.7779e-01 +1.4003e+00 -3.4218e+00 -2.4976e+00 +1.5482e+00
127 +3.545584530e+01 +3.545584530e+01 +1.097258453e+02 +1.097258453e+02 -2.8557e+00 -1.1650e+00 +2.2534e+00 -2.0519e+00 +2.4920e+00 -1.6915e+00 +3.4537e+00 -1.5972e+00 -2.0669e+00 +3.5146e+00
250 +1.684199358e+01 +1.684199358e+01 +9.111199358e+01 +9.111199358e+01 -1.6400e+00 -3.7231e+00 -3.5215e+00 -2.5460e+00 +2.8656e+00 -1.0931e+00 +7.6709e-01 -2.5419e+00 -3.9223e+00 +3.1036e+00
"function evaluation" "noise-free fitness - Fopt (-1.227000000000e+01)" "best noise-free fitness - Fopt" "measured fitness" "best measured fitness" "x1" "x2"
1 +1.614230347e+02 +1.614230347e+02 +1.491530347e+02 +1.491530347e+02 -1.7431e+00 +1.7453e+00 -3.8562e+00 +9.2693e-01 +2.0809e-01 -1.6034e+00 -3.7457e+00 +3.4239e+00 +3.9414e+00 +1.8863e+00
2 +7.388726708e+01 +7.388726708e+01 +6.161726708e+01 +6.161726708e+01 -1.7302e-01 -1.3029e+00 +2.2080e+00 +1.1255e+00 -3.9998e+00 -3.1434e+00 -1.3004e-01 +2.8583e+00 +1.1675e+00 +9.9058e-01
15 +6.214225222e+01 +6.214225222e+01 +4.987225222e+01 +4.987225222e+01 +2.4775e+00 +3.6615e-01 +2.4427e+00 +2.8920e-01 -3.5370e-01 +3.3623e-01 +8.1264e-01 -3.8505e+00 -2.1909e+00 +7.2399e-01
21 +3.288172756e+01 +3.288172756e+01 +2.061172756e+01 +2.061172756e+01 +2.1369e+00 -2.1410e+00 -2.7010e+00 -2.8444e+00 -1.3434e+00 +2.5154e+00 +1.4021e+00 -9.5895e-01 +2.9834e+00 -6.6484e-01
198 +2.445142037e+01 +2.445142037e+01 +1.218142037e+01 +1.218142037e+01 +3.3366e+00 -1.1434e+00 +1.9915e+00 -1.6512e+00 -2.7934e+00 +3.4072e+00 -1.3670e+00 +2.2770e-02 -3.1953e+00 -2.5432e+00
216 +1.344063475e+01 +1.344063475e+01 +1.170634752e+00 +1.170634752e+00 +1.9253e+00 -3.8083e+00 -1.3202e+00 +1.5186e-01 -3.3517e+00 +6.5724e-01 -4.9603e-01 -5.7911e-01 -4.6878e-01 -2.2473e+00
"function evaluation" "noise-free fitness - Fopt (-8.140000000000e+01)" "best noise-free fitness - Fopt" "measured fitness" "best measured fitness" "x1" "x2"
1 +6.847140767e+01 +6.847140767e+01 -1.292859233e+01 -1.292859233e+01 -1.4249e+00 -1.2369e+00 +2.8041e+00 -3.4851e-01 +2.7172e+00 +2.4430e+00 +3.2693e+00 -7.2009e-01 -1.3128e+00 -2.5940e+00
7 +5.850557788e+01 +5.850557788e+01 -2.289442212e+01 -2.289442212e+01 -3.9606e+00 -4.1661e-01 -7.9146e-01 -1.4606e+00 -3.3686e+00 +2.2492e+00 +1.5581e+00 -2.3911e-01 -2.4753e+00 -3.7360e+00
80 +3.717027633e+01 +3.717027633e+01 -4.422972367e+01 -4.422972367e+01 +3.0753e+00 +3.2966e+00 +3.2828e+00 +2.1868e+00 -2.7928e-01 +3.7379e+00 +2.9872e+00 +2.7706e+00 -3.2586e+00 -1.0238e+00
191 +2.110510985e+01 +2.110510985e+01 -6.029489015e+01 -6.029489015e+01 +4.3799e-01 -4.9499e-01 +2.3628e+00 +3.6737e+00 -4.6911e-01 +3.3304e+00 +9.4266e-01 +5.7131e-01 -3.7458e+00 -2.5595e+00
"function evaluation" "noise-free fitness - Fopt (-2.073900000000e+02)" "best noise-free fitness - Fopt" "measured fitness" "best measured fitness" "x1" "x2"
1 +1.727691370e+02 +1.727691370e+02 -3.462086298e+01 -3.462086298e+01 +2.8437e+00 -2.8727e+00 -6.3718e-01 -4.7801e-01 -2.6503e+00 -1.4970e-01 -2.8112e+00 -1.7716e+00 +2.8441e+00 +3.4544e+00
2 +1.374258460e+02 +1.374258460e+02 -6.996415401e+01 -6.996415401e+01 +2.2584e-01 -2.1287e+00 -3.8315e+00 -7.2632e-01 -1.5317e-01 -9.5763e-01 -1.9466e+00 +9.3111e-01 -7.4170e-01 +3.0360e+00
5 +7.875915400e+01 +7.875915400e+01 -1.286308460e+02 -1.286308460e+02 +7.6151e-01 +2.2635e+00 -3.1421e+00 -2.4167e+00 +1.0450e+00 -1.7242e+00 +3.0753e+00 +3.2581e+00 -5.5214e-01 -3.1278e+00
10 +5.918438396e+01 +5.918438396e+01 -1.482056160e+02 -1.482056160e+02 -2.1773e+00 +1.2108e+00 -1.2760e+00 -3.7902e+00 +2.4909e+00 +2.5854e+00 -4.6243e-01 +3.4097e+00 +8.5693e-01 -2.4696e+00
179 +3.569054659e+01 +3.569054659e+01 -1.716994534e+02 -1.716994534e+02 -2.3178e+00 -8.7035e-01 -1.4031e+00 -3.7486e+00 -1.8739e-01 +1.2861e+00 +1.5076e+00 -2.1141e-01 +1.9616e+00 -2.2958e+00
451 +2.291139549e+01 +2.291139549e+01 -1.844786045e+02 -1.844786045e+02 -2.1041e+00 -3.4067e+00 -2.2368e+00 -6.2702e-01 -2.5729e+00 +9.0612e-01 +2.8734e+00 +2.3607e+00 +1.5077e+00 -3.8756e+00
"function evaluation" "noise-free fitness - Fopt (-9.524000000000e+01)" "best noise-free fitness - Fopt" "measured fitness" "best measured fitness" "x1" "x2"
1 +2.413054744e+01 +2.413054744e+01 -7.110945256e+01 -7.110945256e+01 +3.2253e+00 +1.8860e+00 -4.4335e-01 -3.5203e+00 +9.3815e-01 +3.2846e+00 +1.6427e+00 +2.6944e+00 +3.5244e+00 +9.7796e-01
"function evaluation" "noise-free fitness - Fopt (-1.589200000000e+02)" "best noise-free fitness - Fopt" "measured fitness" "best measured fitness" "x1" "x2"
1 +8.602890737e+01 +8.602890737e+01 -7.289109263e+01 -7.289109263e+01 -1.2531e+00 +3.0341e-02 -1.4593e+00 -9.4417e-01 -1.5590e+00 -4.8733e-02 +2.9422e+00 +3.7514e+00 +2.9764e+00 +2.6214e+00
7 +5.684010021e+01 +5.684010021e+01 -1.020798998e+02 -1.020798998e+02 -9.9625e-01 -3.0040e+00 +3.9308e+00 -4.4661e-01 -1.1973e+00 -2.9832e-01 +3.1550e-02 +2.6217e+00 -8.4139e-01 -3.2547e+00
28 +3.364675482e+01 +3.364675482e+01 -1.252732452e+02 -1.252732452e+02 +3.3929e+00 -3.9619e+00 +2.0830e-01 -1.0153e+00 +1.4735e+00 +3.3075e-01 -2.3188e+00 +2.9205e+00 +2.6392e+00 -2.9676e+00
233 +2.373589995e+01 +2.373589995e+01 -1.351841001e+02 -1.351841001e+02 +2.8767e+00 +7.9497e-01 -1.4332e+00 -7.2005e-02 +1.0664e+00 +1.1920e+00 +9.1098e-01 +4.1316e-01 -8.9129e-01 -2.1582e+00
"function evaluation" "noise-free fitness - Fopt (1.347300000000e+02)" "best noise-free fitness - Fopt" "measured fitness" "best measured fitness" "x1" "x2"
1 +1.150023273e+02 +1.150023273e+02 +2.497323273e+02 +2.497323273e+02 +1.8265e+00 +2.0281e+00 +2.0898e+00 -1.1619e+00 -3.1150e+00 -2.5994e+00 +3.9884e+00 -3.7636e+00 +1.6481e+00 +1.4515e+00
3 +9.262135034e+01 +9.262135034e+01 +2.273513503e+02 +2.273513503e+02 +3.2381e+00 -2.3704e+00 +3.5612e+00 +2.6849e+00 +3.2206e+00 +1.3908e+00 -1.6671e-01 +1.2383e-01 -2.8127e+00 +2.2371e+00
4 +5.390973538e+01 +5.390973538e+01 +1.886397354e+02 +1.886397354e+02 +2.0116e+00 -1.6793e+00 +2.6192e-01 -3.1814e-01 -1.4719e+00 +2.7704e+00 +1.3587e+00 +1.6540e-01 -1.8077e+00 -1.9236e+00
15 +2.318782800e+01 +2.318782800e+01 +1.579178280e+02 +1.579178280e+02 +3.0646e-01 -3.3019e+00 +7.5188e-01 -1.9413e+00 +5.6363e-01 -1.7214e-01 +2.5607e-01 -2.0970e-02 -1.7305e+00 +1.9970e+00
"function evaluation" "noise-free fitness - Fopt (1.520000000000e+00)" "best noise-free fitness - Fopt" "measured fitness" "best measured fitness" "x1" "x2"
1 +6.918096639e+01 +6.918096639e+01 +7.070096639e+01 +7.070096639e+01 -1.0994e+00 -2.7599e+00 +2.4175e-01 -1.1170e+00 +1.3924e+00 +2.7935e+00 +2.1050e+00 +3.0104e+00 -1.6280e+00 -6.0831e-01
2 +5.042196292e+01 +5.042196292e+01 +5.194196292e+01 +5.194196292e+01 +2.2049e+00 -2.3161e+00 +1.7262e+00 -4.8092e-01 -1.3371e+00 +2.4298e+00 -3.0043e-01 -3.8865e+00 +4.7204e-01 +2.6990e+00
13 +3.578970993e+01 +3.578970993e+01 +3.730970993e+01 +3.730970993e+01 +1.3083e+00 -7.7464e-01 -1.7692e+00 -2.5058e+00 -2.5499e+00 +3.2775e+00 -2.8339e+00 +1.3345e+00 +3.2976e+00 -6.5096e-01
84 +2.443737834e+01 +2.443737834e+01 +2.595737834e+01 +2.595737834e+01 +2.0511e+00 -1.5014e+00 -3.0420e+00 -3.1310e+00 -1.0648e-01 +2.2188e+00 +7.7644e-01 -6.2763e-01 +1.8889e+00 -1.1803e-01
231 +1.469134598e+01 +1.469134598e+01 +1.621134598e+01 +1.621134598e+01 +3.0057e-01 -1.4318e+00 -3.3348e+00 +2.6705e-01 -2.7530e+00 +2.0465e+00 +1.3527e-01 -2.7607e+00 +4.6844e-01 +1.5687e+00
"function evaluation" "noise-free fitness - Fopt (4.530000000000e+01)" "best noise-free fitness - Fopt" "measured fitness" "best measured fitness" "x1" "x2"
1 +9.948795277e+01 +9.948795277e+01 +1.447879528e+02 +1.447879528e+02 +3.2153e+00 -9.2946e-01 -2.2520e+00 -2.8541e+00 -1.2640e+00 -1.9037e+00 -1.6011e+00 +3.6884e+00 -8.0452e-01 -3.9128e+00
11 +6.173815060e+01 +6.173815060e+01 +1.070381506e+02 +1.070381506e+02 +1.8478e+00 +1.0678e+00 -1.9603e+00 +1.9600e+00 -1.7723e+00 +1.0758e+00 +3.1223e+00 -9.0943e-01 -1.7930e+00 -2.3165e+00
36 +3.788165705e+01 +3.788165705e+01 +8.318165705e+01 +8.318165705e+01 +2.6953e+00 +3.9125e+00 +2.4917e+00 +3.7489e+00 -2.3457e+00 -7.6948e-01 +1.7539e+00 +2.5380e+00 +2.5891e+00 +2.5355e+00
263 +2.295031762e+01 +2.295031762e+01 +6.825031762e+01 +6.825031762e+01 +4.2177e-01 -1.5285e-01 -1.1605e+00 +1.2457e+00 -4.4150e-01 -3.1658e+00 -5.5603e-02 +5.8426e-01 -1.5547e-01 +1.9470e+00
371 +1.581507608e+01 +1.581507608e+01 +6.111507608e+01 +6.111507608e+01 +3.8549e-01 +2.9721e+00 -5.0153e-01 +1.5551e+00 -1.3880e+00 -1.7488e+00 -1.2482e+00 +6.9685e-01 +2.9534e+00 +2.8323e+00
"function evaluation" "noise-free fitness - Fopt (-1.605700000000e+02)" "best noise-free fitness - Fopt" "measured fitness" "best measured fitness" "x1" "x2"
1 +1.058969752e+02 +1.058969752e+02 -5.467302476e+01 -5.467302476e+01 +2.8814e+00 -9.6287e-03 +6.1961e-01 +3.3543e+00 -1.3563e+00 +2.3714e+00 +5.9537e-01 +9.0580e-01 -1.5041e+00 +2.1875e+00
2 +9.345991817e+01 +9.345991817e+01 -6.711008183e+01 -6.711008183e+01 -1.3525e+00 +1.3501e+00 -3.7001e-01 +7.7269e-01 -2.4298e+00 -3.5158e+00 -1.3061e+00 -3.7146e+00 +2.3075e+00 -3.1527e-01
4 +4.498833085e+01 +4.498833085e+01 -1.155816692e+02 -1.155816692e+02 -2.5071e+00 +1.5363e+00 -1.9326e+00 +3.0300e+00 +2.1063e+00 +7.9506e-01 +2.2955e+00 +3.2527e+00 -4.7528e-01 -2.1941e+00
17 +3.594663803e+01 +3.594663803e+01 -1.246233620e+02 -1.246233620e+02 -2.9067e+00 -1.3196e+00 +8.3819e-02 -1.1504e+00 +1.6295e+00 +3.3192e+00 +3.4108e+00 -3.6195e-01 +2.0979e+00 -9.1384e-01
109 +2.247397921e+01 +2.247397921e+01 -1.380960208e+02 -1.380960208e+02 -6.9748e-01 -1.1572e+00 -1.9263e+00 -8.1136e-01 +2.9203e+00 +2.3131e+00 +3.3892e+00 -2.4289e+00 -1.9551e+00 -3.4977e+00
"function evaluation" "noise-free fitness - Fopt (-2.916100000000e+02)" "best noise-free fitness - Fopt" "measured fitness" "best measured fitness" "x1" "x2"
1 +6.435786373e+01 +6.435786373e+01 -2.272521363e+02 -2.272521363e+02 -7.2563e-01 +1.6353e+00 +1.2836e+00 +3.8506e+00 -1.2646e+00 -3.2176e+00 +5.2516e-01 +9.0137e-01 -1.7085e+00 +3.8259e+00
11 +4.252515130e+01 +4.252515130e+01 -2.490848487e+02 -2.490848487e+02 +1.9725e+00 +3.1578e+00 +1.8089e+00 -1.9067e+00 +9.2207e-01 -8.1444e-01 -1.7607e+00 +2.5209e+00 -1.3218e+00 -2.6763e+00
44 +3.851295954e+01 +3.851295954e+01 -2.530970405e+02 -2.530970405e+02 -1.8599e+00 +3.4171e+00 +3.3009e+00 +1.5223e+00 +1.7968e+00 +3.7404e+00 -2.2618e+00 -1.2211e+00 -2.4884e+00 -8.8843e-01
81 +1.963248666e+01 +1.963248666e+01 -2.719775133e+02 -2.719775133e+02 +2.2635e-02 -4.9433e-02 +1.8650e+00 +2.9803e+00 +7.4628e-01 +5.3005e-01 -3.0596e+00 +8.4383e-01 +5.4208e-01 -2.6823e+00
393 +1.425682998e+01 +1.425682998e+01 -2.773531700e+02 -2.773531700e+02 -2.5828e+00 +2.0132e+00 +8.8934e-01 +1.3307e+00 +3.6233e+00 -2.3961e+00 -5.9619e-01 +1.4651e+00 -3.6832e-01 -2.9175e+00
"function evaluation" "noise-free fitness - Fopt (-8.736000000000e+01)" "best noise-free fitness - Fopt" "measured fitness" "best measured fitness" "x1" "x2"
1 +1.080634826e+02 +1.080634826e+02 +2.070348256e+01 +2.070348256e+01 -2.0573e+00 +6.8930e-01 -6.8902e-01 +1.7436e+00 -3.8852e+00 -3.5399e+00 -1.7533e+00 +2.9242e+00 +7.2347e-01 +2.4476e+00
2 +5.779833106e+01 +5.779833106e+01 -2.956166894e+01 -2.956166894e+01 -1.2844e+00 +2.5991e+00 +2.9962e+00 -2.4268e+00 -2.5719e+00 -7.8614e-01 +3.0746e+00 +1.5251e-01 -2.6647e+00 -1.1792e+00
28 +2.496515099e+01 +2.496515099e+01 -6.239484901e+01 -6.239484901e+01 +4.3819e-01 +7.3019e-01 +1.6869e+00 -2.9162e+00 -3.6702e+00 -2.3191e+00 -1.7193e+00 +1.9557e-01 -4.5582e-01 -3.4296e+00
"function evaluation" "noise-free fitness - Fopt (1.000000000000e+03)" "best noise-free fitness - Fopt" "measured fitness" "best measured fitness" "x1" "x2"
1 +1.100269738e+02 +1.100269738e+02 +1.110026974e+03 +1.110026974e+03 -3.1432e+00 -8.6536e-01 -2.2987e+00 +2.9463e-01 -8.8544e-01 +3.4659e-01 +8.9513e-02 +2.7938e+00 +3.9536e+00 -1.8806e+00
3 +8.783603929e+01 +8.783603929e+01 +1.087836039e+03 +1.087836039e+03 -2.0625e+00 -2.9207e+00 -2.1504e+00 +1.0604e+00 +2.4164e-01 -1.4905e+00 -3.2527e+00 -1.2468e+00 +6.9314e-01 -2.7630e+00
5 +6.233132775e+01 +6.233132775e+01 +1.062331328e+03 +1.062331328e+03 -2.5203e-01 -2.7841e+00 +2.2855e+00 +1.3890e+00 -7.8554e-01 -1.5273e+00 -1.0383e+00 +1.4013e+00 +3.1771e+00 +3.7822e+00
10 +3.408114956e+01 +3.408114956e+01 +1.034081150e+03 +1.034081150e+03 -2.5844e+00 -2.7451e+00 +3.6821e+00 +2.7877e+00 -1.4282e-01 +1.4008e+00 +3.3295e+00 -3.9442e+00 +3.7560e-01 -2.8037e+00
185 +1.226128812e+01 +1.226128812e+01 +1.012261288e+03 +1.012261288e+03 +5.4433e-02 -3.4760e+00 +3.3050e+00 +1.9034e+00 -1.8993e+00 -3.8264e-01 +2.6973e+00 -3.1432e+00 +1.5279e+00 +7.7201e-01
"function evaluation" "noise-free fitness - Fopt (2.887300000000e+02)" "best noise-free fitness - Fopt" "measured fitness" "best measured fitness" "x1" "x2"
1 +7.587232719e+01 +7.587232719e+01 +3.646023272e+02 +3.646023272e+02 -2.7081e+00 -2.5013e+00 +3.0547e+00 -3.9951e+00 -1.5203e+00 -9.5571e-01 -1.6480e+00 -2.9156e+00 -2.5325e+00 +1.6790e+00
7 +5.920991074e+01 +5.920991074e+01 +3.479399107e+02 +3.479399107e+02 -4.6891e-01 -2.9028e+00 +1.8151e+00 -1.7625e+00 -4.0023e-01 +2.7018e+00 -2.7626e+00 +2.9308e+00 +3.6807e+00 +5.5514e-01
13 +3.658297287e+01 +3.658297287e+01 +3.253129729e+02 +3.253129729e+02 -7.4210e-01 +1.7554e+00 -3.9039e+00 -9.0531e-02 -3.0042e+00 +2.3899e-02 -1.3275e+00 +1.9945e+00 -1.3433e+00 +1.6959e+00
294 +1.859396295e+01 +1.859396295e+01 +3.073239629e+02 +3.073239629e+02 -2.8873e+00 +2.2153e+00 -3.1460e+00 -2.6044e+00 -3.2375e-01 +3.8883e+00 -1.7064e+00 +3.7518e+00 +8.2283e-01 +2.1094e+00
"function evaluation" "noise-free fitness - Fopt (-3.046000000000e+01)" "best noise-free fitness - Fopt" "measured fitness" "best measured fitness" "x1" "x2"
1 +1.120441967e+02 +1.120441967e+02 +8.158419674e+01 +8.158419674e+01 -1.1509e+00 -1.2426e+00 -2.3027e+00 -3.1133e+00 -2.5944e-01 +3.3106e+00 +2.5067e+00 +3.7569e+00 +4.6985e-01 -3.8844e+00
4 +8.091652754e+01 +8.091652754e+01 +5.045652754e+01 +5.045652754e+01 -2.9065e+00 +1.4852e+00 +1.6716e+00 -2.1865e+00 -1.8300e+00 -3.0092e+00 +2.7435e+00 -3.3959e+00 +5.3922e-01 +2.1925e+00
13 +5.331227348e+01 +5.331227348e+01 +2.285227348e+01 +2.285227348e+01 -2.7746e-01 -3.1566e+00 +3.1755e+00 +5.6089e-01 -5.2883e-01 -1.0529e-01 +1.0464e+00 -1.4435e+00 -2.9988e-01 -1.1388e-01
21 +3.763667141e+01 +3.763667141e+01 +7.176671414e+00 +7.176671414e+00 +5.2119e-01 -1.7451e+00 -8.8143e-01 -1.0750e+00 +2.1688e+00 +7.7714e-01 +3.1834e+00 -2.5752e+00 -2.0224e+00 -5.6674e-01
387 +1.093771354e+01 +1.093771354e+01 -1.952228646e+01 -1.952228646e+01 -4.4568e-01 +2.2734e-01 +2.5791e+00 -1.7234e+00 +1.7509e-01 +4.9974e-01 +3.6006e+00 -2.7935e+00 -2.2880e+00 -1.8728e+00
"function evaluation" "noise-free fitness - Fopt (-1.184600000000e+02)" "best noise-free fitness - Fopt" "measured fitness" "best measured fitness" "x1" "x2"
1 +1.060574520e+02 +1.060574520e+02 -1.240254800e+01 -1.240254800e+01 +7.9666e-01 -2.9643e+00 +2.9690e+00 -8.2407e-01 -2.9464e+00 -2.6767e+00 +2.2861e+00 +8.1539e-01 -1.4241e+00 +2.9682e-01
64 +8.128289002e+01 +8.128289002e+01 -3.717710998e+01 -3.717710998e+01 +2.1215e+00 +1.7111e+00 +2.1554e+00 -8.6910e-01 +1.9622e+00 -7.2954e-01 -2.8632e+00 -6.1811e-01 +1.0291e+00 -1.9770e+00
103 +5.915891360e+01 +5.915891360e+01 -5.930108640e+01 -5.930108640e+01 +3.4814e+00 -1.2741e+00 +3.7336e+00 +9.1843e-01 -1.5400e+00 -8.2560e-01 -1.6013e+00 +2.3623e+00 -2.9126e+00 -1.2189e+00
440 +3.181039668e+01 +3.181039668e+01 -8.664960332e+01 -8.664960332e+01 +3.8896e+00 -9.8170e-01 +2.6638e+00 -3.7947e+00 +2.8866e+00 +5.4419e-02 -2.2559e+00 +3.2147e-01 -3.0884e+00 -2.4256e+00
"function evaluation" "noise-free fitness - Fopt (2.230000000000e+00)" "best noise-free fitness - Fopt" "measured fitness" "best measured fitness" "x1" "x2"
1 +7.062682840e+01 +7.062682840e+01 +7.285682840e+01 +7.285682840e+01 +2.2424e+00 -2.5707e+00 -2.5275e+00 -2.2555e+00 -2.3833e+00 -1.6412e+00 -2.0427e+00 +7.1780e-01 -2.7020e+00 +2.8691e+00
8 +3.952414753e+01 +3.952414753e+01 +4.175414753e+01 +4.175414753e+01 +2.4333e+00 -3.5484e-01 -3.2562e+00 +2.4396e+00 +2.8078e+00 -3.7135e+00 -8.6972e-01 -1.6192e+00 +4.6678e-01 +2.1119e+00
246 +7.084593895e+00 +7.084593895e+00 +9.314593895e+00 +9.314593895e+00 +3.1131e+00 -2.2549e+00 -6.1207e-01 -1.4778e+00 +3.0350e+00 -2.4643e+00 -3.1051e+00 -2.0640e+00 -1.1515e+00 +2.4600e+00
"function evaluation" "noise-free fitness - Fopt (-1.308000000000e+01)" "best noise-free fitness - Fopt" "measured fitness" "best measured fitness" "x1" "x2"
1 +1.228592662e+02 +1.228592662e+02 +1.097792662e+02 +1.097792662e+02 -3.3170e+00 -3.0745e+00 -1.7624e+00 +2.8417e+00 +8.8627e-01 -2.3817e+00 -2.7202e+00 +2.7312e+00 +3.7005e+00 +7.9133e-01
2 +9.158204363e+01 +9.158204363e+01 +7.850204363e+01 +7.850204363e+01 -1.9060e-01 +8.9348e-01 -1.3016e+00 +2.0178e+00 +2.1780e+00 +4.1681e-02 +3.7729e+00 +8.6765e-01 -2.0658e+00 +9.5691e-02
41 +5.888042665e+01 +5.888042665e+01 +4.580042665e+01 +4.580042665e+01 +1.9814e+00 +9.6134e-01 +1.4482e+00 -6.9083e-01 -1.9152e+00 -3.8731e+00 -8.5803e-01 +1.1060e+00 -2.6134e-01 -4.9414e-01
114 +3.236945370e+01 +3.236945370e+01 +1.928945370e+01 +1.928945370e+01 +1.8993e+00 +6.5653e-01 +7.8051e-01 +3.0624e+00 -2.7133e+00 -2.9849e+00 -1.7367e+00 -1.4062e+00 -1.5463e+00 -2.6052e+00
332 +2.510624845e+01 +2.510624845e+01 +1.202624845e+01 +1.202624845e+01 +5.9936e-01 -1.0835e+00 +9.1938e-01 +3.3788e+00 -4.7984e-02 -3.7074e-01 +5.6479e-01 -3.8122e+00 +1.1197e+00 -2.3421e+00
"function evaluation" "noise-free fitness - Fopt (2.671600000000e+02)" "best noise-free fitness - Fopt" "measured fitness" "best measured fitness" "x1" "x2"
1 +1.246758854e+02 +1.246758854e+02 +3.918358854e+02 +3.918358854e+02 -3.3170e+00 -3.0745e+00 -1.7624e+00 +2.8417e+00 +8.8627e-01 -2.3817e+00 -2.7202e+00 +2.7312e+00 +3.7005e+00 +7.9133e-01
2 +7.342395106e+01 +7.342395106e+01 +3.405839511e+02 +3.405839511e+02 -1.9060e-01 +8.9348e-01 -1.3016e+00 +2.0178e+00 +2.1780e+00 +4.1681e-02 +3.7729e+00 +8.6765e-01 -2.0658e+00 +9.5691e-02
86 +5.726407662e+01 +5.726407662e+01 +3.244240766e+02 +3.244240766e+02 -3.5387e+00 -2.0645e+00 -3.7654e+00 -1.2988e+00 -2.2005e+00 +2.1027e+00 +7.3014e-01 -2.7753e+00 -8.6736e-01 +1.7540e+00
101 +3.463647292e+01 +3.463647292e+01 +3.017964729e+02 +3.017964729e+02 -2.5632e+00 -3.1567e+00 -3.4708e+00 +1.8987e+00 +1.5444e+00 -2.0380e+00 -2.2759e+00 -1.0800e+00 -1.7977e+00 +2.4397e+00
815 +1.995512825e+01 +1.995512825e+01 +2.871151283e+02 +2.871151283e+02 -1.2543e+00 -3.8165e+00 -3.3503e+00 -1.7226e+00 +1.4400e+00 -2.5028e+00 +1.8476e+00 -8.2467e-02 -2.9858e+00 -1.2020e+00
"function evaluation" "noise-free fitness - Fopt (3.710000000000e+00)" "best noise-free fitness - Fopt" "measured fitness" "best measured fitness" "x1" "x2"
1 +1.214508493e+02 +1.214508493e+02 +1.251608493e+02 +1.251608493e+02 -2.9837e+00 -3.9362e+00 +1.8829e+00 +6.1420e-01 +4.7966e-01 -2.9060e+00 -1.3133e+00 -2.4141e+00 +1.0366e+00 +2.8188e+00
3 +9.400074381e+01 +9.400074381e+01 +9.771074381e+01 +9.771074381e+01 -8.4442e-02 -1.9212e+00 -2.2169e+00 -7.9018e-03 -3.5813e+00 -3.7018e-01 -1.0557e+00 +1.3980e+00 -2.3489e+00 +3.7267e+00
6 +6.192532619e+01 +6.192532619e+01 +6.563532619e+01 +6.563532619e+01 +2.5960e+00 -2.9173e+00 -1.5331e+00 +3.9300e-01 -7.4387e-01 +2.0417e+00 +1.8033e+00 -2.4272e+00 +2.9367e+00 -8.0223e-01
19 +2.384744986e+01 +2.384744986e+01 +2.755744986e+01 +2.755744986e+01 +3.7560e+00 -3.9319e+00 +7.8942e-01 -3.0643e+00 -1.1042e+00 +2.1146e+00 -1.8353e+00 +1.3031e+00 -1.7731e+00 -2.3767e+00
335 +1.346732884e+01 +1.346732884e+01 +1.717732884e+01 +1.717732884e+01 +3.4714e+00 -1.4234e+00 +1.9977e+00 -3.2425e+00 +6.3201e-02 +6.4981e-01 -1.8543e+00 +1.1030e+00 +4.4689e-01 -8.7136e-01
"function evaluation" "noise-free fitness - Fopt (9.478000000000e+01)" "best noise-free fitness - Fopt" "measured fitness" "best measured fitness" "x1" "x2"
1 +9.881350350e+01 +9.881350350e+01 +1.935935035e+02 +1.935935035e+02 -2.9781e+00 -2.6446e+00 +4.0966e-01 -2.7193e+00 +3.9245e+00 +1.2574e+00 -3.6565e+00 +2.8361e+00 -5.0283e-01 +3.2142e+00
6 +5.754298205e+01 +5.754298205e+01 +1.523229820e+02 +1.523229820e+02 +4.5213e-01 -3.2137e+00 +3.9572e+00 -3.1676e+00 +6.0171e-03 +2.7588e+00 -2.8741e+00 +2.6127e+00 +3.0813e+00 +3.7861e+00
133 +3.922672942e+01 +3.922672942e+01 +1.340067294e+02 +1.340067294e+02 +2.7488e+00 -1.9886e+00 +1.1313e+00 -5.3088e-01 +1.3924e+00 -2.4191e-02 +3.2160e-01 +3.0858e+00 +9.7850e-01 +3.3500e+00
310 +2.494167050e+01 +2.494167050e+01 +1.197216705e+02 +1.197216705e+02 +3.6560e+00 -3.6893e+00 +2.1952e+00 -3.4280e+00 +3.0396e+00 +8.0706e-01 +3.3168e+00 +3.4529e+00 -9.3857e-02 +3.5054e+00
"function evaluation" "noise-free fitness - Fopt (2.339200000000e+02)" "best noise-free fitness - Fopt" "measured fitness" "best measured fitness" "x1" "x2"
1 +1.422053191e+02 +1.422053191e+02 +3.761253191e+02 +3.761253191e+02 +1.9952e+00 +2.2255e+00 -3.8822e+00 +3.9711e+00 +2.7878e+00 -2.7398e+00 +3.0612e+00 -9.5499e-01 +2.0232e+00 +2.5001e-01
2 +7.802686906e+01 +7.802686906e+01 +3.119468691e+02 +3.119468691e+02 +7.7833e-01 -1.6767e+00 -1.1892e+00 +7.7943e-01 -2.8531e+00 +2.0101e+00 -1.1159e-01 -3.6951e+00 +2.8909e+00 +2.8930e+00
6 +6.250716679e+01 +6.250716679e+01 +2.964271668e+02 +2.964271668e+02 -3.4740e+00 -3.0800e+00 +2.3030e+00 -1.5583e+00 +2.7430e+00 +2.7838e+00 -3.4365e-01 -9.8197e-01 -5.6528e-01 +1.6697e-01
7 +3.384802371e+01 +3.384802371e+01 +2.677680237e+02 +2.677680237e+02 -3.9349e+00 +1.3926e+00 +9.3281e-01 +2.8997e-01 +6.0135e-01 +3.7115e+00 +1.7754e+00 +5.0024e-01 -1.4053e+00 +3.7933e+00
157 +2.455317813e+01 +2.455317813e+01 +2.584731781e+02 +2.584731781e+02 -1.5558e+00 +1.6339e+00 -2.1889e+00 -1.7734e+00 -3.8426e+00 +2.6025e+00 -8.3589e-01 +1.2723e+00 -9.6134e-01 +1.9886e+00
"function evaluation" "noise-free fitness - Fopt (-6.092000000000e+01)" "best noise-free fitness - Fopt" "measured fitness" "best measured fitness" "x1" "x2"
1 +8.579524622e+01 +8.579524622e+01 +2.487524622e+01 +2.487524622e+01 -1.4167e+00 -2.5987e+00 -2.9226e+00 -2.2383e+00 -2.3844e+00 +3.4045e-01 +1.0518e+00 +1.0675e+00 +7.1717e-01 -1.9643e+00
2 +5.098067941e+01 +5.098067941e+01 -9.939320587e+00 -9.939320587e+00 +3.9109e-01 +2.6684e+00 +3.7757e+00 -1.2527e+00 -3.9978e+00 +3.6188e+00 -1.7881e-01 +1.3868e+00 +2.7773e+00 +2.0339e+00
19 +2.919691160e+01 +2.919691160e+01 -3.172308840e+01 -3.172308840e+01 -1.1249e+00 +7.4438e-01 +1.8602e+00 -1.6438e-01 -1.1279e+00 -2.9000e-01 -1.3041e+00 -8.8993e-01 -1.5257e+00 -2.9345e+00
188 +1.426940035e+01 +1.426940035e+01 -4.665059965e+01 -4.665059965e+01 +1.4015e+00 +1.3324e+00 +3.2814e+00 -1.1651e+00 -3.5689e+00 +2.2039e+00 -1.1528e+00 -1.5583e+00 -3.0651e+00 -1.9167e+00
"function evaluation" "noise-free fitness - Fopt (-1.948000000000e+01)" "best noise-free fitness - Fopt" "measured fitness" "best measured fitness" "x1" "x2"
1 +1.307596645e+02 +1.307596645e+02 +1.112796645e+02 +1.112796645e+02 -1.4167e+00 -2.5987e+00 -2.9226e+00 -2.2383e+00 -2.3844e+00 +3.4045e-01 +1.0518e+00 +1.0675e+00 +7.1717e-01 -1.9643e+00
3 +3.202257533e+01 +3.202257533e+01 +1.254257533e+01 +1.254257533e+01 -1.4503e+00 +1.7232e+00 -1.3510e+00 -1.4496e+00 +3.2576e+00 -3.3629e+00 -3.5761e+00 -1.3556e+00 -3.9681e-01 +3.5780e+00
10 +2.216635949e+01 +2.216635949e+01 +2.686359485e+00 +2.686359485e+00 +1.4460e+00 -7.7325e-02 +1.1709e+00 +8.7271e-01 +2.3919e+00 -1.6179e+00 -2.3226e+00 -4.6178e-01 +2.5178e-02 +1.2795e+00
"function evaluation" "noise-free fitness - Fopt (1.344700000000e+02)" "best noise-free fitness - Fopt" "measured fitness" "best measured fitness" "x1" "x2"
1 +1.739572284e+02 +1.739572284e+02 +3.084272284e+02 +3.084272284e+02 +2.5673e+00 +1.9343e-01 -2.5212e+00 -1.3164e+00 +8.6939e-02 +2.3822e+00 +3.8961e+00 +2.6380e+00 +3.4860e+00 +3.9608e+00
2 +1.132794073e+02 +1.132794073e+02 +2.477494073e+02 +2.477494073e+02 -2.2818e+00 -2.6039e+00 -2.0849e+00 +1.5787e+00 -2.6926e+00 +3.5982e+00 -1.8207e+00 +1.0604e+00 +1.0460e+00 -3.7965e+00
4 +3.261259628e+01 +3.261259628e+01 +1.670825963e+02 +1.670825963e+02 -2.0948e+00 +3.8478e+00 +2.2817e+00 -3.4351e+00 -2.4452e+00 -6.4702e-01 -2.1828e+00 +6.6548e-01 -3.5717e+00 -2.2933e+00
150 +1.335365215e+01 +1.335365215e+01 +1.478236522e+02 +1.478236522e+02 -1.9627e+00 +2.5950e+00 -1.8562e+00 -3.6974e+00 -2.6526e+00 +9.2815e-01 +2.1276e+00 -5.5003e-01 -1.2039e+00 -1.9111e+00
"function evaluation" "noise-free fitness - Fopt (4.453500000000e+02)" "best noise-free fitness - Fopt" "measured fitness" "best measured fitness" "x1" "x2"
1 +5.226312944e+01 +5.226312944e+01 +4.976131294e+02 +4.976131294e+02 +2.9884e-01 +4.7353e-01 +3.7378e+00 +2.5858e+00 +2.0714e+00 +2.2592e+00 -2.9484e+00 +1.5477e+00 -1.6214e-01 -8.5237e-01
69 +2.009159676e+01 +2.009159676e+01 +4.654415968e+02 +4.654415968e+02 -1.2743e+00 +2.5214e+00 +4.7707e-01 +2.5824e+00 +2.5565e+00 +2.3309e+00 -2.9827e+00 -2.1144e-01 +3.1614e+00 -2.8843e+00
"function evaluation" "noise-free fitness - Fopt (8.790000000000e+01)" "best noise-free fitness - Fopt" "measured fitness" "best measured fitness" "x1" "x2"
1 +9.515640441e+01 +9.515640441e+01 +1.830564044e+02 +1.830564044e+02 -3.6218e+00 +2.1602e+00 -3.8528e+00 -7.8230e-01 +9.3260e-01 +3.5919e+00 -1.1504e+00 -1.8985e+00 +1.7958e+00 +3.4609e+00
3 +6.197124763e+01 +6.197124763e+01 +1.498712476e+02 +1.498712476e+02 -3.2935e+00 -1.3406e+00 +2.5888e+00 -8.1669e-01 +3.3769e+00 -2.3604e+00 +9.4645e-01 +2.1231e+00 +3.1059e+00 +3.6344e+00
14 +3.934825556e+01 +3.934825556e+01 +1.272482556e+02 +1.272482556e+02 -2.6969e+00 +8.1625e-01 +8.5554e-01 +1.4014e+00 -4.2308e-01 -1.5836e+00 +2.3124e-01 -2.7378e+00 +1.1067e+00 -2.2361e-01
72 +1.418440297e+01 +1.418440297e+01 +1.020844030e+02 +1.020844030e+02 -2.4300e+00 +4.9035e-01 +1.5666e+00 +1.8028e+00 -1.2170e+00 -3.6610e+00 -2.4580e+00 -2.2251e+00 +2.9244e+00 +5.9222e-01
"function evaluation" "noise-free fitness - Fopt (2.199800000000e+02)" "best noise-free fitness - Fopt" "measured fitness" "best measured fitness" "x1" "x2"
1 +1.465354697e+02 +1.465354697e+02 +3.665154697e+02 +3.665154697e+02 -3.3680e+00 -1.6597e-01 -5.4964e-01 -2.6938e+00 +4.5750e-01 -2.8149e+00 +3.8497e+00 +1.8837e+00 +2.1529e+00 -1.5737e+00
4 +9.083015632e+01 +9.083015632e+01 +3.108101563e+02 +3.108101563e+02 +2.7351e+00 -3.8013e+00 -2.2726e+00 -3.4799e+00 +6.9145e-01 -7.6237e-03 +3.8758e+00 +1.3012e+00 +5.3804e-01 -3.5581e+00
9 +3.719960334e+01 +3.719960334e+01 +2.571796033e+02 +2.571796033e+02 -4.0067e-01 +1.2102e+00 -2.0027e+00 -1.5934e+00 -1.3622e+00 +3.5715e+00 -3.3519e+00 +1.2154e+00 -3.5926e+00 -3.7588e+00
530 +2.483612453e+01 +2.483612453e+01 +2.448161245e+02 +2.448161245e+02 +3.9425e+00 -1.7449e+00 +7.3195e-01 +3.8845e-01 -1.7649e+00 +2.5175e+00 -9.0498e-01 +2.8741e+00 -2.7346e+00 -1.6022e+00
"function evaluation" "noise-free fitness - Fopt (-2.784000000000e+01)" "best noise-free fitness - Fopt" "measured fitness" "best measured fitness" "x1" "x2"
1 +8.386484034e+01 +8.386484034e+01 +5.602484034e+01 +5.602484034e+01 -1.1494e+00 -1.8820e+00 +3.6726e+00 +2.6430e+00 -3.9820e+00 -3.9886e+00 -2.0379e+00 +9.8095e-01 +3.4544e+00 -1.1509e+00
7 +4.832718812e+01 +4.832718812e+01 +2.048718812e+01 +2.048718812e+01 -1.7704e+00 +1.2411e+00 +1.3893e+00 -1.7393e+00 +2.1787e+00 +1.6501e+00 -2.4682e+00 +4.9373e-01 -3.6046e+00 -3.0074e+00
74 +2.352617894e+01 +2.352617894e+01 -4.313821059e+00 -4.313821059e+00 +1.8277e+00 +1.0160e+00 +2.1295e+00 +1.0205e+00 +1.2764e-02 -3.0466e+00 -1.3794e+00 -8.3104e-01 +2.0659e+00 -1.2972e+00
602 +1.437318215e+01 +1.437318215e+01 -1.346681785e+01 -1.346681785e+01 +1.6394e-01 +2.5210e+00 -1.3992e+00 -1.5879e+00 +7.6558e-01 -1.0316e+00 -3.9060e+00 +5.2264e-01 +2.1843e+00 -2.2338e+00
"function evaluation" "noise-free fitness - Fopt (2.027000000000e+01)" "best noise-free fitness - Fopt" "measured fitness" "best measured fitness" "x1" "x2"
1 +1.728768703e+02 +1.728768703e+02 +1.931468703e+02 +1.931468703e+02 -1.7434e+00 -2.9525e+00 +1.9616e+00 -1.4252e+00 +3.0777e+00 -1.0210e+00 +7.5620e-01 -2.7995e+00 +3.9921e+00 -3.1550e+00
3 +7.238592862e+01 +7.238592862e+01 +9.265592862e+01 +9.265592862e+01 +1.4679e+00 +1.8774e+00 -2.0382e+00 +3.4005e+00 +4.0022e-01 -5.6321e-01 -2.7522e-01 -3.5764e+00 +2.7632e+00 +3.1959e+00
4 +4.353790951e+01 +4.353790951e+01 +6.380790951e+01 +6.380790951e+01 +1.9505e+00 -8.7208e-01 -3.6489e+00 -4.1775e-02 +2.8771e+00 +6.6752e-01 -8.4486e-01 -7.3806e-01 +3.3739e+00 +2.6727e+00
17 +3.227259431e+01 +3.227259431e+01 +5.254259431e+01 +5.254259431e+01 -7.4159e-01 -3.1378e-01 -1.3363e+00 -1.8832e-01 -6.3610e-01 +1.6628e+00 -3.2040e+00 +1.9488e+00 +1.2850e+00 +3.5491e+00
405 +2.026398228e+01 +2.026398228e+01 +4.053398228e+01 +4.053398228e+01 +1.6280e+00 -8.6291e-01 -2.9887e+00 -5.8217e-01 -1.0182e+00 +1.9543e+00 +6.0783e-01 -1.7266e+00 +2.1766e+00 +2.1391e+00
"function evaluation" "noise-free fitness - Fopt (9.302900000000e+02)" "best noise-free fitness - Fopt" "measured fitness" "best measured fitness" "x1" "x2"
1 +1.170070227e+02 +1.170070227e+02 +1.047297023e+03 +1.047297023e+03 +1.5302e+00 +2.7287e+00 +2.9406e+00 +1.7791e+00 +5.4848e-01 -2.1765e+00 +3.0098e+00 -3.1716e+00 -3.8726e-01 -3.3141e+00
3 +8.461679569e+01 +8.461679569e+01 +1.014906796e+03 +1.014906796e+03 +1.5075e+00 -3.7696e+00 -2.0756e+00 +7.0422e-02 +5.6780e-01 +1.9027e-03 -3.4966e+00 +9.5542e-01 +1.7564e+00 +3.6395e+00
6 +2.285916003e+01 +2.285916003e+01 +9.531491600e+02 +9.531491600e+02 -1.6145e+00 -3.0442e+00 -3.8763e-01 +3.5578e-01 +3.4179e+00 +3.3625e+00 +2.3332e+00 -2.9664e+00 -7.5468e-01 +2.3793e+00
837 +1.377966339e+01 +1.377966339e+01 +9.440696634e+02 +9.440696634e+02 +7.5675e-01 -4.2981e-01 -3.6750e+00 -1.6443e+00 +2.2848e+00 +2.7027e+00 +1.8169e+00 -2.8532e+00 -1.8808e-01 +3.6344e-01
"function evaluation" "noise-free fitness - Fopt (7.786100000000e+02)" "best noise-free fitness - Fopt" "measured fitness" "best measured fitness" "x1" "x2"
1 +1.742373470e+02 +1.742373470e+02 +9.528473470e+02 +9.528473470e+02 +2.8854e+00 -1.5464e+00 +3.4547e+00 +3.4130e+00 +3.5333e+00 +1.6510e-02 -1.3948e-01 -2.2671e+00 -3.2638e+00 +2.1138e+00
2 +1.210953260e+02 +1.210953260e+02 +8.997053260e+02 +8.997053260e+02 +3.0380e+00 -2.1079e+00 -3.3597e+00 +1.0731e+00 +1.3078e+00 -3.9507e+00 -3.9075e+00 +2.6883e+00 +2.7812e+00 +3.1780e-02
3 +9.489383273e+01 +9.489383273e+01 +8.735038327e+02 +8.735038327e+02 -8.6630e-01 -2.3337e+00 +2.0414e+00 -1.8466e+00 +1.7129e+00 +2.5725e+00 +3.3786e+00 +2.7036e+00 -7.5412e-01 -3.2874e+00
9 +3.877178517e+01 +3.877178517e+01 +8.173817852e+02 +8.173817852e+02 -1.8813e+00 -2.7511e+00 -2.9753e+00 +2.8008e+00 -2.7189e+00 -5.6274e-01 -2.5205e+00 -9.2555e-02 -2.2306e+00 -7.2637e-01
112 +1.774050181e+01 +1.774050181e+01 +7.963505018e+02 +7.963505018e+02 -3.9746e+00 -2.1722e+00 -1.2140e+00 -1.1158e-01 -3.0156e-01 +1.3692e-01 -3.9799e+00 -1.7682e+00 +1.5557e+00 -2.6031e+00
"function evaluation" "noise-free fitness - Fopt (-2.051000000000e+01)" "best noise-free fitness - Fopt" "measured fitness" "best measured fitness" "x1" "x2"
1 +1.399964837e+02 +1.399964837e+02 +1.194864837e+02 +1.194864837e+02 +1.5983e+00 +3.8620e-01 -2.9924e+00 +3.7759e+00 +1.6171e+00 +4.8138e-02 -2.7650e+00 +3.2332e+00 +1.5822e+00 +1.6471e+00
2 +9.498865042e+01 +9.498865042e+01 +7.447865042e+01 +7.447865042e+01 -2.4968e+00 +2.2270e+00 -1.0675e+00 -1.9216e-01 +1.3997e+00 -2.2385e+00 +7.3661e-01 +3.9581e+00 -3.9048e+00 +3.2595e+00
9 +5.341626113e+01 +5.341626113e+01 +3.290626113e+01 +3.290626113e+01 -4.8294e-01 +1.3075e+00 +1.0824e+00 -3.0383e+00 -2.1356e-01 -3.4711e-01 -2.1532e+00 -1.2673e-01 -3.0739e+00 -7.6427e-01
261 +3.305680494e+01 +3.305680494e+01 +1.254680494e+01 +1.254680494e+01 -1.3541e+00 +3.0354e-01 +1.1164e+00 -3.6174e+00 -7.0850e-02 +2.9241e+00 -1.6303e+00 -2.5783e+00 -1.7888e+00 +1.1913e+00
475 +1.986052319e+01 +1.986052319e+01 -6.494768070e-01 -6.494768070e-01 -3.9986e+00 +2.2938e+00 +2.0860e+00 -3.1081e+00 +3.5949e+00 +5.2300e-01 -1.8855e+00 +1.3596e+00 +9.1499e-02 +1.5347e+00
"function evaluation" "noise-free fitness - Fopt (-1.000000000000e+03)" "best noise-free fitness - Fopt" "measured fitness" "best measured fitness" "x1" "x2"
1 +1.977133540e+02 +1.977133540e+02 -8.022866460e+02 -8.022866460e+02 -2.8389e+00 -1.4725e+00 +1.4006e+00 +1.7852e+00 -2.6143e+00 -3.7089e+00 +1.3874e+00 +3.9301e+00 +7.1829e-01 -1.8622e+00
2 +6.797370468e+01 +6.797370468e+01 -9.320262953e+02 -9.320262953e+02 +2.3630e+00 +1.1682e+00 -3.5800e-01 +3.2693e+00 +1.3742e+00 +3.5604e+00 -2.5748e+00 -3.6385e-01 +3.7858e+00 +1.3485e+00
10 +3.823904977e+01 +3.823904977e+01 -9.617609502e+02 -9.617609502e+02 -1.6214e+00 +5.9824e-01 -6.7069e-01 -1.6022e+00 -3.8340e+00 +3.5383e+00 +1.1030e+00 +4.4763e-01 +1.6498e+00 +2.4096e+00
409 +1.049732935e+01 +1.049732935e+01 -9.895026706e+02 -9.895026706e+02 +2.7986e+00 +2.9242e+00 -3.2045e+00 -2.3305e+00 -4.9189e-01 +3.6684e+00 +4.6319e-01 -4.5197e-01 +1.7461e+00 +2.7940e+00
"function evaluation" "noise-free fitness - Fopt (-1.730800000000e+02)" "best noise-free fitness - Fopt" "measured fitness" "best measured fitness" "x1" "x2"
1 +5.502560396e+01 +5.502560396e+01 -1.180543960e+02 -1.180543960e+02 -1.0606e+00 -3.5936e+00 +1.0076e+00 +1.7308e+00 +1.8670e+00 -3.6067e+00 -2.6810e+00 -3.5014e-01 +2.3634e+00 +8.7895e-02
46 +2.939965495e+01 +2.939965495e+01 -1.436803450e+02 -1.436803450e+02 -1.1584e+00 -3.3831e+00 +1.8050e+00 +3.7047e+00 -1.4786e+00 +8.8653e-01 -6.5793e-01 -2.0734e+00 +3.4431e+00 -3.2258e+00
93 +2.402787262e+01 +2.402787262e+01 -1.490521274e+02 -1.490521274e+02 -3.1754e+00 -2.9508e+00 +2.2331e+00 +9.6389e-01 +2.0692e+00 +1.9088e+00 -2.3178e+00 -3.7891e+00 +2.9367e+00 +1.0769e+00
"function evaluation" "noise-free fitness - Fopt (5.309000000000e+01)" "best noise-free fitness - Fopt" "measured fitness" "best measured fitness" "x1" "x2"
1 +9.876596189e+01 +9.876596189e+01 +1.518559619e+02 +1.518559619e+02 -1.0777e-01 -6.7311e-01 +6.1605e-01 -1.8671e-01 -2.4625e+00 +9.8865e-01 -3.3775e+00 +7.7201e-01 -1.8403e+00 -1.0713e+00
50 +6.246108432e+01 +6.246108432e+01 +1.155510843e+02 +1.155510843e+02 -2.4952e+00 -2.7154e+00 -3.8417e+00 -2.7585e+00 +1.8479e+00 +3.5095e+00 +3.4637e+00 +1.6246e+00 +3.2679e+00 -3.4538e+00
82 +2.580249617e+01 +2.580249617e+01 +7.889249617e+01 +7.889249617e+01 -1.1427e+00 -2.9226e+00 -4.9891e-01 -3.8319e+00 +1.8510e+00 +3.0436e-01 +3.6084e+00 -5.9144e-01 +3.7307e+00 -2.1962e+00
641 +2.246921242e+01 +2.246921242e+01 +7.555921242e+01 +7.555921242e+01 -1.5562e+00 -1.2354e+00 -1.4560e-01 -2.5195e+00 -3.2357e+00 +3.4463e-01 +1.6971e+00 -3.8638e+00 +2.6459e+00 -3.3803e+00
"function evaluation" "noise-free fitness - Fopt (-1.850700000000e+02)" "best noise-free fitness - Fopt" "measured fitness" "best measured fitness" "x1" "x2"
1 +1.012551159e+02 +1.012551159e+02 -8.381488408e+01 -8.381488408e+01 +2.0826e+00 -2.8367e+00 +2.5023e+00 -2.2804e+00 -2.9702e+00 -1.8427e+00 -3.9047e+00 -3.0482e+00 -2.3284e+00 -1.0941e+00
2 +8.197015452e+01 +8.197015452e+01 -1.030998455e+02 -1.030998455e+02 -3.5955e+00 +3.9909e+00 -5.7501e-01 +4.9297e-01 +1.3776e+00 +3.4144e+00 +1.7643e-01 -3.9554e+00 -2.2636e+00 -2.9685e+00
16 +5.326307260e+01 +5.326307260e+01 -1.318069274e+02 -1.318069274e+02 -2.6903e+00 -1.2214e+00 -2.2199e+00 +3.7832e+00 +1.6995e+00 -2.0843e+00 -1.5368e+00 -1.3629e+00 -9.0276e-01 -1.9769e+00
92 +2.169198661e+01 +2.169198661e+01 -1.633780134e+02 -1.633780134e+02 -3.8240e-01 +2.8233e+00 +3.8565e+00 +3.4802e+00 -1.7292e+00 -1.7529e+00 +9.3686e-01 -3.6326e+00 +2.5796e+00 -2.0322e+00
300 +1.270799353e+01 +1.270799353e+01 -1.723620065e+02 -1.723620065e+02 +1.1382e+00 +1.5864e+00 +1.8238e+00 +2.6783e+00 +1.9730e+00 -2.6044e+00 -9.7084e-01 -2.5666e+00 +3.1903e+00 -2.9621e+00
"function evaluation" "noise-free fitness - Fopt (-1.673500000000e+02)" "best noise-free fitness - Fopt" "measured fitness" "best measured fitness" "x1" "x2"
1 +7.133863539e+01 +7.133863539e+01 -9.601136461e+01 -9.601136461e+01 +2.6975e+00 -6.8066e-01 -2.9651e-01 +1.7351e+00 +1.3351e+00 -1.5551e+00 +3.6658e+00 +7.2692e-01 +9.9986e-01 +3.7462e+00
7 +5.207219016e+01 +5.207219016e+01 -1.152778098e+02 -1.152778098e+02 +1.6577e+00 +3.3475e+00 -3.5504e+00 +1.0440e+00 +2.4639e+00 -6.8569e-01 -4.5028e-01 +3.0126e+00 -3.5178e+00 +7.4703e-01
62 +3.415543662e+01 +3.415543662e+01 -1.331945634e+02 -1.331945634e+02 +1.8135e+00 -3.0543e+00 -2.2794e+00 +1.2111e+00 -1.7557e+00 -7.9234e-01 +2.3739e+00 -5.3176e-01 -1.2719e+00 -2.3244e+00
156 +2.493188436e+01 +2.493188436e+01 -1.424181156e+02 -1.424181156e+02 +3.0066e+00 -3.1419e+00 -3.9440e+00 -2.7567e+00 -2.9822e-01 -2.3809e+00 +2.8101e+00 -4.9415e-01 -3.9228e-02 +7.7625e-02
"function evaluation" "noise-free fitness - Fopt (-2.733000000000e+01)" "best noise-free fitness - Fopt" "measured fitness" "best measured fitness" "x1" "x2"
1 +1.541954236e+02 +1.541954236e+02 +1.268654236e+02 +1.268654236e+02 -3.4234e+00 +1.2308e+00 -2.7685e+00 +3.2779e+00 -3.9424e+00 +1.6983e+00 -1.6032e+00 -1.0880e+00 +1.8483e+00 -1.6779e-01
2 +8.906765082e+01 +8.906765082e+01 +6.173765082e+01 +6.173765082e+01 +1.5465e+00 +2.5813e+00 +2.8724e-01 +2.3393e+00 -1.6395e+00 +3.3943e+00 -1.7365e+00 +3.9065e+00 +1.3590e+00 +1.3221e+00
7 +4.025414896e+01 +4.025414896e+01 +1.292414896e+01 +1.292414896e+01 +3.3752e+00 +2.7310e+00 -1.1602e+00 -2.9103e-01 +2.6923e+00 -3.9276e+00 +2.8355e-01 +1.1454e+00 -5.3151e-01 +2.2765e+00
17 +3.319312760e+01 +3.319312760e+01 +5.863127604e+00 +5.863127604e+00 +8.5173e-01 +1.7024e+00 +2.9328e-01 +1.1817e+00 -6.8988e-01 -8.1676e-01 -5.2518e-01 +5.7954e-01 -2.9478e+00 +2.1145e+00
44 +1.207413661e+01 +1.207413661e+01 -1.525586339e+01 -1.525586339e+01 +2.4388e+00 +3.1072e+00 +3.5887e+00 +8.3503e-01 +2.5319e+00 -1.9548e-01 +2.0271e+00 +3.0159e+00 -3.7924e+00 -1.6948e+00
"function evaluation" "noise-free fitness - Fopt (-2.655800000000e+02)" "best noise-free fitness - Fopt" "measured fitness" "best measured fitness" "x1" "x2"
1 +1.238013490e+02 +1.238013490e+02 -1.417786510e+02 -1.417786510e+02 -2.8389e+00 -1.4725e+00 +1.4006e+00 +1.7852e+00 -2.6143e+00 -3.7089e+00 +1.3874e+00 +3.9301e+00 +7.1829e-01 -1.8622e+00
2 +8.057679683e+01 +8.057679683e+01 -1.850032032e+02 -1.850032032e+02 +2.3630e+00 +1.1682e+00 -3.5800e-01 +3.2693e+00 +1.3742e+00 +3.5604e+00 -2.5748e+00 -3.6385e-01 +3.7858e+00 +1.3485e+00
4 +5.413534504e+01 +5.413534504e+01 -2.114446550e+02 -2.114446550e+02 -9.2259e-01 -2.8670e-01 -1.7409e+00 +2.3965e+00 -3.7410e+00 +1.0494e+00 -2.0960e+00 +2.8262e+00 -1.2421e+00 -1.7211e+00
36 +2.505876874e+01 +2.505876874e+01 -2.405212313e+02 -2.405212313e+02 -4.9260e-02 +2.1182e+00 +5.8601e-01 +1.8850e+00 -8.0970e-01 +2.5222e+00 -3.4062e+00 +2.7616e-01 +5.9302e-01 -3.2331e+00
735 +1.240335763e+01 +1.240335763e+01 -2.531766424e+02 -2.531766424e+02 -7.6067e-02 +3.3260e+00 -3.6784e-01 +3.9454e+00 -1.4811e+00 +8.0982e-01 -3.7568e+00 -3.3917e+00 -1.3059e+00 -3.2972e+00
"function evaluation" "noise-free fitness - Fopt (-5.595000000000e+01)" "best noise-free fitness - Fopt" "measured fitness" "best measured fitness" "x1" "x2"
1 +2.253066520e+02 +2.253066520e+02 +1.693566520e+02 +1.693566520e+02 -2.4895e+00 +1.8869e+00 -3.1239e+00 -3.6292e+00 -3.8607e+00 -3.1769e+00 -3.3133e+00 -4.7635e-01 -3.1639e+00 +2.8421e+00
2 +1.168702157e+02 +1.168702157e+02 +6.092021566e+01 +6.092021566e+01 -3.6400e+00 -7.3584e-01 -2.9755e+00 +1.9709e+00 -2.0501e+00 -1.2830e+00 -7.8011e-01 +7.7597e-01 -1.5568e+00 +2.5622e+00
3 +6.407899423e+01 +6.407899423e+01 +8.128994230e+00 +8.128994230e+00 -3.3164e+00 -1.4917e+00 -1.3256e+00 +3.5338e+00 +4.2654e-01 +3.3904e+00 +3.9025e+00 +1.5011e+00 -1.2305e+00 -2.9455e+00
7 +6.175907996e+01 +6.175907996e+01 +5.809079963e+00 +5.809079963e+00 -1.1637e+00 +1.1959e+00 +2.8127e+00 +2.0182e+00 +3.0370e+00 +1.7936e+00 -1.2149e+00 -5.8477e-01 +3.5533e+00 -1.7136e+00
50 +3.098100936e+01 +3.098100936e+01 -2.496899064e+01 -2.496899064e+01 +1.9661e+00 -5.4024e-01 -4.1159e-01 +2.7312e+00 -1.6470e+00 -1.3913e+00 +7.3214e-01 -1.0231e+00 +3.7225e+00 +1.1677e+00
211 +1.863648200e+01 +1.863648200e+01 -3.731351800e+01 -3.731351800e+01 +3.2101e+00 -1.8460e-01 -3.7451e-01 +3.2489e+00 -2.2727e-01 +7.9843e-02 +1.8884e+00 +8.3170e-01 +1.5303e+00 -3.9400e+00
701 +1.563459906e+01 +1.563459906e+01 -4.031540094e+01 -4.031540094e+01 +8.2186e-01 +1.3134e+00 +1.7870e+00 +2.5689e+00 -7.8152e-01 +6.8440e-01 +1.0899e+00 -2.2395e-01 +3.5726e+00 -1.4079e+00
"function evaluation" "noise-free fitness - Fopt (8.746000000000e+01)" "best noise-free fitness - Fopt" "measured fitness" "best measured fitness" "x1" "x2"
1 +8.489257557e+01 +8.489257557e+01 +1.723525756e+02 +1.723525756e+02 -9.5957e-01 -4.8335e-01 -2.0326e+00 +2.8170e+00 -1.8674e+00 +3.3810e+00 +2.8225e+00 +3.4641e-01 -8.3706e-02 +3.1243e+00
8 +3.739668282e+01 +3.739668282e+01 +1.248566828e+02 +1.248566828e+02 +1.4183e+00 +1.5158e-01 +2.4653e+00 -3.7558e+00 +1.0714e+00 +1.8296e-01 +9.6360e-01 +8.8821e-01 +1.8820e+00 -1.8417e+00
53 +2.430201486e+01 +2.430201486e+01 +1.117620149e+02 +1.117620149e+02 -1.8774e+00 -1.3660e+00 +2.7252e+00 +8.5272e-01 -1.6054e-01 +8.8604e-01 +3.0427e+00 +3.4325e+00 +1.0877e+00 +6.3372e-01
668 +1.390457168e+01 +1.390457168e+01 +1.013645717e+02 +1.013645717e+02 -1.6198e+00 +1.2888e-01 +3.1766e+00 -1.9277e+00 +1.0992e+00 +2.0345e+00 +1.7820e+00 +3.0599e+00 -2.3013e+00 +3.0374e+00
"function evaluation" "noise-free fitness - Fopt (-6.545000000000e+01)" "best noise-free fitness - Fopt" "measured fitness" "best measured fitness" "x1" "x2"
1 +1.398337276e+02 +1.398337276e+02 +7.438372759e+01 +7.438372759e+01 +1.3521e+00 -2.1351e+00 +3.0655e+00 -2.5646e+00 +2.7570e+00 +1.2020e+00 +3.9348e+00 -2.8071e+00 -4.7537e-01 -8.9031e-01
4 +7.589321864e+01 +7.589321864e+01 +1.044321864e+01 +1.044321864e+01 -3.0595e+00 -3.9763e+00 -9.2364e-01 +3.4660e+00 -2.1362e+00 +1.7280e+00 +3.7490e+00 +2.4884e+00 -1.7226e+00 +1.0871e+00
21 +6.292574624e+01 +6.292574624e+01 -2.524253763e+00 -2.524253763e+00 +4.4293e-01 -1.2702e+00 +8.2406e-01 +3.3876e-01 -1.9191e+00 +1.3833e+00 -1.3982e+00 -2.6918e-01 -2.8170e+00 -5.7207e-01
151 +3.373995983e+01 +3.373995983e+01 -3.171004017e+01 -3.171004017e+01 -2.5595e-01 +4.8666e-02 -2.1118e+00 +1.8038e+00 +3.2521e-01 -7.3406e-01 +5.0538e-01 +2.6350e+00 -1.2669e+00 -3.1666e+00
210 +1.616249582e+01 +1.616249582e+01 -4.928750418e+01 -4.928750418e+01 -1.0255e+00 -6.3123e-01 -1.1409e+00 +3.5109e+00 -3.7524e+00 -2.4158e+00 +2.0848e+00 +1.1246e+00 -3.3932e+00 -9.4405e-01
"function evaluation" "noise-free fitness - Fopt (-5.761000000000e+01)" "best noise-free fitness - Fopt" "measured fitness" "best measured fitness" "x1" "x2"
1 +8.240380076e+01 +8.240380076e+01 +2.479380076e+01 +2.479380076e+01 +6.7825e-01 +2.3748e-02 -2.2422e-02 -2.0415e+00 -7.0159e-01 -8.0988e-01 -6.4240e-01 -4.4817e-01 +3.0281e+00 -2.0072e+00
14 +4.806993439e+01 +4.806993439e+01 -9.540065612e+00 -9.540065612e+00 -2.9727e+00 -3.9101e-02 +8.5120e-01 +1.5932e+00 +1.5641e+00 +3.0446e+00 +1.5205e+00 -3.7382e+00 -1.2539e+00 +2.8321e+00
23 +3.651008052e+01 +3.651008052e+01 -2.109991948e+01 -2.109991948e+01 +5.5125e-01 +5.5892e-02 +1.2359e+00 +1.7410e+00 -4.9538e-01 +1.0603e+00 +5.7934e-01 -2.5296e+00 +3.5583e+00 -2.3175e+00
784 +2.148717873e+01 +2.148717873e+01 -3.612282127e+01 -3.612282127e+01 -3.7124e+00 +1.5733e+00 +3.6910e+00 +3.0285e+00 +9.9165e-01 -2.9127e-01 +2.0066e+00 -1.1892e+00 +2.9134e+00 -3.2770e+00
"function evaluation" "noise-free fitness - Fopt (-2.116000000000e+02)" "best noise-free fitness - Fopt" "measured fitness" "best measured fitness" "x1" "x2"
1 +2.132069344e+02 +2.132069344e+02 +1.606934446e+00 +1.606934446e+00 -3.0416e+00 +1.8781e+00 -3.6642e+00 -1.2055e+00 -2.8711e+00 -4.1592e-01 +1.3841e+00 +3.4713e+00 -3.8804e+00 -3.9873e+00
2 +9.221674761e+01 +9.221674761e+01 -1.193832524e+02 -1.193832524e+02 -1.4845e+00 +9.8753e-01 +2.3765e+00 +1.5563e+00 -1.2079e+00 -1.3406e+00 -4.1002e-01 +1.6279e+00 +1.4587e+00 -1.0287e+00
14 +6.104648451e+01 +6.104648451e+01 -1.505535155e+02 -1.505535155e+02 -1.5923e+00 -3.8612e+00 -1.0345e+00 +3.6117e+00 +3.8232e+00 +2.6753e+00 +2.2739e+00 -2.2085e+00 -1.7198e+00 -1.2060e-01
21 +2.939535897e+01 +2.939535897e+01 -1.822046410e+02 -1.822046410e+02 -5.1141e-01 -7.3884e-01 +3.0926e+00 +2.9677e+00 +3.0515e+00 +1.3105e+00 +3.2216e+00 -3.3666e+00 -2.6254e+00 -1.1113e+00
486 +1.082676380e+01 +1.082676380e+01 -2.007732362e+02 -2.007732362e+02 +1.0407e+00 +5.5514e-01 +3.0026e+00 +3.3932e+00 +3.7285e+00 +2.4097e+00 -8.6589e-01 -1.9576e+00 -9.2121e-01 +1.7736e+00
"function evaluation" "noise-free fitness - Fopt (-1.188600000000e+02)" "best noise-free fitness - Fopt" "measured fitness" "best measured fitness" "x1" "x2"
1 +9.984023547e+01 +9.984023547e+01 -1.901976453e+01 -1.901976453e+01 -1.1898e+00 -2.6248e+00 -3.4126e+00 -2.6105e+00 +2.7999e+00 -1.2840e+00 +6.0277e-01 -1.3262e+00 +2.9606e+00 +2.2389e+00
2 +5.418330605e+01 +5.418330605e+01 -6.467669395e+01 -6.467669395e+01 +2.5771e+00 -5.7141e-01 +2.9769e+00 +3.0407e+00 -2.9964e+00 +1.4042e+00 +3.3861e+00 -1.2705e-01 +1.3588e+00 +2.6137e+00
3 +2.025183283e+01 +2.025183283e+01 -9.860816717e+01 -9.860816717e+01 +6.6358e-01 +8.4208e-01 -2.0862e-01 -5.4414e-01 -2.7470e+00 +1.3659e+00 +3.5163e+00 +1.0599e+00 +1.2931e+00 -1.2727e+00
"function evaluation" "noise-free fitness - Fopt (1.830100000000e+02)" "best noise-free fitness - Fopt" "measured fitness" "best measured fitness" "x1" "x2"
1 +1.271163876e+02 +1.271163876e+02 +3.101263876e+02 +3.101263876e+02 +3.1576e-01 -2.8425e+00 +3.9552e+00 -2.1968e+00 -2.9724e+00 -8.5386e-01 +4.5347e-01 +1.2077e+00 +1.1333e+00 -4.1504e-01
4 +9.074570832e+01 +9.074570832e+01 +2.737557083e+02 +2.737557083e+02 -3.9515e+00 +3.3670e+00 +1.2518e+00 -3.9445e+00 -6.8050e-02 -2.9907e+00 -1.9052e+00 -1.1249e+00 +2.0539e+00 -7.9459e-02
17 +1.925978996e+01 +1.925978996e+01 +2.022697900e+02 +2.022697900e+02 -2.4556e+00 +2.8365e-01 -1.5620e+00 -5.8402e-02 -1.9307e+00 +2.6103e-01 -1.6001e+00 +2.1715e+00 +2.8679e+00 -2.1658e+00
531 +1.524620498e+01 +1.524620498e+01 +1.982562050e+02 +1.982562050e+02 -2.2233e+00 +2.5259e+00 -3.9998e+00 +3.1443e+00 -1.6174e+00 -6.0578e-01 -2.7204e+00 +3.1384e+00 +1.1967e+00 -2.2447e+00
"function evaluation" "noise-free fitness - Fopt (1.835200000000e+02)" "best noise-free fitness - Fopt" "measured fitness" "best measured fitness" "x1" "x2"
1 +1.699107398e+02 +1.699107398e+02 +3.534307398e+02 +3.534307398e+02 -2.4895e+00 +1.8869e+00 -3.1239e+00 -3.6292e+00 -3.8607e+00 -3.1769e+00 -3.3133e+00 -4.7635e-01 -3.1639e+00 +2.8421e+00
2 +9.303222431e+01 +9.303222431e+01 +2.765522243e+02 +2.765522243e+02 -3.6400e+00 -7.3584e-01 -2.9755e+00 +1.9709e+00 -2.0501e+00 -1.2830e+00 -7.8011e-01 +7.7597e-01 -1.5568e+00 +2.5622e+00
12 +3.514244614e+01 +3.514244614e+01 +2.186624461e+02 +2.186624461e+02 +1.8916e+00 -2.6970e+00 -3.9941e+00 -1.4324e+00 -2.3443e-01 +9.1640e-01 +3.1486e+00 +1.2482e+00 -1.8196e+00 -3.9240e+00
43 +1.711880492e+01 +1.711880492e+01 +2.006388049e+02 +2.006388049e+02 -3.6502e-01 -1.1013e+00 -3.3227e+00 -3.6782e+00 -1.3119e+00 +2.9658e+00 +3.3356e+00 +3.9069e+00 -5.7625e-01 +2.2169e-01
"function evaluation" "noise-free fitness - Fopt (-5.938400000000e+02)" "best noise-free fitness - Fopt" "measured fitness" "best measured fitness" "x1" "x2"
1 +6.805651217e+01 +6.805651217e+01 -5.257834878e+02 -5.257834878e+02 +3.9379e-01 +1.8854e+00 -1.6560e+00 +1.0521e-01 +2.1995e-01 +3.8988e+00 -3.2275e+00 +3.3835e+00 -2.6310e+00 -1.8286e+00
5 +4.355688675e+01 +4.355688675e+01 -5.502831133e+02 -5.502831133e+02 +3.1993e-01 -1.9049e+00 +9.0120e-02 +2.2805e+00 -2.4971e+00 +1.7379e+00 -5.5124e-01 -8.3137e-01 -1.0198e+00 +3.3138e+00
13 +2.659042373e+01 +2.659042373e+01 -5.672495763e+02 -5.672495763e+02 -2.5828e-01 -2.7026e+00 -1.5243e+00 +2.3551e+00 +1.4702e+00 +3.0997e+00 -3.0022e+00 -1.7117e+00 -2.8684e-01 +2.9666e+00
59 +1.986034228e+01 +1.986034228e+01 -5.739796577e+02 -5.739796577e+02 -2.5214e+00 +1.3396e+00 +3.1482e+00 +1.5343e+00 +1.6805e+00 -4.6065e-01 -3.3446e+00 -1.4673e+00 -1.8197e+00 +1.3328e+00
"function evaluation" "noise-free fitness - Fopt (-1.000000000000e+03)" "best noise-free fitness - Fopt" "measured fitness" "best measured fitness" "x1" "x2"
1 +1.778374899e+02 +1.778374899e+02 -8.221625101e+02 -8.221625101e+02 +3.1576e-01 -2.8425e+00 +3.9552e+00 -2.1968e+00 -2.9724e+00 -8.5386e-01 +4.5347e-01 +1.2077e+00 +1.1333e+00 -4.1504e-01
3 +1.033705156e+02 +1.033705156e+02 -8.966294844e+02 -8.966294844e+02 -2.5956e+00 -2.0272e+00 -2.7726e+00 -3.4323e+00 -5.8715e-01 +2.2988e+00 +3.4106e+00 -2.7131e+00 +2.7808e+00 -2.6593e+00
5 +8.177205454e+01 +8.177205454e+01 -9.182279455e+02 -9.182279455e+02 -2.0165e+00 -1.4602e+00 -3.6614e+00 -4.2353e-01 +3.4491e+00 +1.3253e+00 -1.5956e+00 -2.5499e+00 -8.9322e-01 +2.6258e+00
22 +4.644508296e+01 +4.644508296e+01 -9.535549170e+02 -9.535549170e+02 -1.2971e+00 +3.5650e+00 -3.5288e+00 -3.3901e+00 -6.6660e-01 +5.1580e-01 +2.0778e+00 +2.6856e+00 -1.9822e+00 -3.0576e+00
35 +2.763989644e+01 +2.763989644e+01 -9.723601036e+02 -9.723601036e+02 -7.1866e-01 +7.9962e-01 -1.6647e+00 -2.8684e+00 +3.5661e+00 +5.9181e-01 +3.1908e+00 +2.1785e+00 -1.3251e+00 +2.7947e+00
409 +2.294622086e+01 +2.294622086e+01 -9.770537791e+02 -9.770537791e+02 -8.2425e-01 +3.8212e+00 -5.9707e-01 -3.5172e+00 +1.2923e+00 +2.0448e+00 +3.6202e+00 +6.6499e-01 -1.7644e+00 +2.0707e+00
"function evaluation" "noise-free fitness - Fopt (-2.531000000000e+01)" "best noise-free fitness - Fopt" "measured fitness" "best measured fitness" "x1" "x2"
1 +3.430759630e+01 +3.430759630e+01 +8.997596305e+00 +8.997596305e+00 +2.5855e+00 +1.8622e-01 +2.8262e+00 +2.8916e+00 +1.1764e+00 -6.6535e-02 -2.9650e+00 -2.0581e+00 -8.7966e-01 +3.2771e-01
388 +1.873917042e+01 +1.873917042e+01 -6.570829577e+00 -6.570829577e+00 +3.7199e+00 +1.7484e+00 +1.9847e+00 +2.6302e+00 +3.7491e+00 -4.2127e-01 -1.5936e-01 +4.6576e-01 -2.7844e+00 +3.7092e+00
"function evaluation" "noise-free fitness - Fopt (2.228000000000e+01)" "best noise-free fitness - Fopt" "measured fitness" "best measured fitness" "x1" "x2"
1 +1.499280663e+02 +1.499280663e+02 +1.722080663e+02 +1.722080663e+02 +3.5658e+00 +3.2932e+00 -3.7906e+00 +1.4369e+00 +2.7421e+00 -1.7843e+00 -3.4852e+00 +4.3384e-01 -1.6894e+00 -1.3512e+00
2 +5.642220843e+01 +5.642220843e+01 +7.870220843e+01 +7.870220843e+01 +1.5486e+00 -3.2079e+00 -3.4941e+00 -7.3988e-01 -1.4595e+00 +1.2473e+00 -1.8250e+00 +1.6562e+00 -1.7008e+00 -1.1959e+00
10 +3.951179913e+01 +3.951179913e+01 +6.179179913e+01 +6.179179913e+01 -2.1852e-01 -3.4569e+00 -3.0358e+00 -8.1093e-01 -3.3255e+00 +2.2707e+00 +2.8711e+00 +3.5363e-01 -8.7628e-01 +1.5342e+00
228 +1.619178237e+01 +1.619178237e+01 +3.847178237e+01 +3.847178237e+01 +3.1932e+00 -1.5653e+00 -1.5434e+00 +4.9276e-01 -1.5391e+00 +2.5933e+00 +1.3493e+00 +2.1226e+00 +3.3048e+00 -8.6476e-02
"function evaluation" "noise-free fitness - Fopt (3.561400000000e+02)" "best noise-free fitness - Fopt" "measured fitness" "best measured fitness" "x1" "x2"
1 +1.529066162e+02 +1.529066162e+02 +5.090466162e+02 +5.090466162e+02 -3.9685e+00 +2.9066e+00 -1.7126e+00 -3.4464e+00 -1.6342e+00 -1.8439e+00 +2.7409e+00 +3.0286e+00 +4.0359e-01 -3.3450e+00
3 +6.390201206e+01 +6.390201206e+01 +4.200420121e+02 +4.200420121e+02 +2.1199e+00 +2.3621e+00 -2.8375e+00 -3.3196e+00 +1.3807e+00 +2.6675e+00 +1.5039e+00 -3.2114e-01 -2.5826e+00 -9.2231e-01
8 +5.566691793e+01 +5.566691793e+01 +4.118069179e+02 +4.118069179e+02 +2.3277e-01 -2.8193e+00 -3.3068e-01 +1.3906e+00 +1.5102e+00 -3.2712e+00 +3.4246e+00 -1.5464e+00 -8.5942e-02 +2.6736e+00
36 +3.317271219e+01 +3.317271219e+01 +3.893127122e+02 +3.893127122e+02 +3.3199e+00 -2.5547e+00 -1.3888e+00 +1.9379e+00 -8.3719e-01 +2.2033e+00 -2.1772e+00 -1.2692e+00 -6.3011e-01 +2.3705e+00
44 +2.494611505e+01 +2.494611505e+01 +3.810861150e+02 +3.810861150e+02 +1.7555e-01 +2.1863e+00 -3.5055e+00 +4.0349e-01 +1.8879e+00 +8.7362e-02 +1.2893e+00 +5.4390e-01 -2.2451e+00 +4.9741e-01
"function evaluation" "noise-free fitness - Fopt (-4.757000000000e+02)" "best noise-free fitness - Fopt" "measured fitness" "best measured fitness" "x1" "x2"
1 +1.502377855e+02 +1.502377855e+02 -3.254622145e+02 -3.254622145e+02 +1.4691e+00 -2.1806e+00 +3.9525e+00 -3.6812e+00 +2.1021e+00 +3.1503e+00 +2.2968e+00 -3.4671e+00 +1.2961e+00 -2.7708e+00
2 +8.797006799e+01 +8.797006799e+01 -3.877299320e+02 -3.877299320e+02 +6.4433e-02 -3.0995e-01 -9.6599e-01 -3.2515e+00 -9.0698e-01 -2.0463e+00 -3.7094e+00 +3.7727e-01 -2.9319e+00 +1.7858e+00
3 +6.151435979e+01 +6.151435979e+01 -4.141856402e+02 -4.141856402e+02 -2.0383e+00 +1.5013e-01 -3.9670e-01 +2.4739e-01 -5.0708e-02 +5.7156e-01 -2.2705e+00 -1.4530e+00 -2.5972e+00 -2.6193e+00
12 +3.511864529e+01 +3.511864529e+01 -4.405813547e+02 -4.405813547e+02 -6.3310e-01 +8.3664e-01 +3.2146e+00 +2.5610e+00 +3.4516e+00 -1.1449e+00 +1.3169e+00 +1.6691e+00 -3.6492e+00 +8.1522e-01
96 +2.380210140e+01 +2.380210140e+01 -4.518978986e+02 -4.518978986e+02 -2.9594e+00 +1.3228e+00 +1.8455e+00 +3.3834e+00 -2.3887e+00 -2.3071e-01 +2.4778e+00 -2.7815e-01 -3.2177e+00 +1.7822e+00
"function evaluation" "noise-free fitness - Fopt (-1.000000000000e+03)" "best noise-free fitness - Fopt" "measured fitness" "best measured fitness" "x1" "x2"
1 +1.868256268e+02 +1.868256268e+02 -8.131743732e+02 -8.131743732e+02 +2.1106e+00 -5.0611e-01 -1.3685e+00 -3.6592e+00 +1.1017e+00 +1.1463e-02 +3.8824e+00 -3.0029e+00 +3.6521e+00 -3.7560e+00
2 +1.499612126e+02 +1.499612126e+02 -8.500387874e+02 -8.500387874e+02 -2.2557e+00 -2.0204e+00 +1.4843e+00 +2.9965e+00 +3.3375e+00 -1.9482e+00 -3.6372e-01 -1.7658e+00 -1.6827e+00 +3.2118e+00
4 +8.301393832e+01 +8.301393832e+01 -9.169860617e+02 -9.169860617e+02 +1.2456e-01 -1.0224e+00 -1.0672e+00 +1.9481e-01 -1.4200e+00 -3.6648e+00 -3.2252e+00 +6.6192e-01 +3.1247e+00 +6.6547e-01
39 +5.934748930e+01 +5.934748930e+01 -9.406525107e+02 -9.406525107e+02 -5.2269e-01 +1.0288e+00 +3.0532e+00 +2.1491e+00 -3.0782e+00 +4.6477e-01 -4.5167e-01 +2.6229e+00 +3.2975e+00 -1.9988e+00
138 +2.741397514e+01 +2.741397514e+01 -9.725860249e+02 -9.725860249e+02 -2.3373e+00 +1.7201e+00 +3.8164e+00 +1.5478e+00 -1.8153e+00 -2.5248e+00 -1.1880e+00 -7.3747e-01 +3.6138e-01 -2.1530e+00
"function evaluation" "noise-free fitness - Fopt (-4.158000000000e+01)" "best noise-free fitness - Fopt" "measured fitness" "best measured fitness" "x1" "x2"
1 +1.355833144e+02 +1.355833144e+02 +9.400331436e+01 +9.400331436e+01 -1.5238e+00 +1.6022e+00 +3.5922e+00 -1.2436e+00 +1.7987e+00 -3.8986e+00 +5.1522e-01 -1.5936e+00 +2.7564e+00 -1.3187e+00
3 +9.824631100e+01 +9.824631100e+01 +5.666631100e+01 +5.666631100e+01 +2.3674e+00 +2.3908e+00 +1.2106e+00 -3.5162e+00 -2.6261e-01 -9.7932e-02 -1.1228e+00 +2.1785e-01 -3.2295e+00 -1.3737e+00
6 +2.832945059e+01 +2.832945059e+01 -1.325054941e+01 -1.325054941e+01 +4.4514e-01 +2.7350e+00 -5.3399e-01 -3.3893e+00 +5.1910e-01 +1.9500e+00 -3.8589e-02 -1.4952e+00 +6.2054e-01 +1.1879e+00
354 +1.768318477e+01 +1.768318477e+01 -2.389681523e+01 -2.389681523e+01 +2.6885e+00 +2.8107e+00 -2.0040e+00 +6.6091e-01 -2.7884e+00 +3.2072e+00 -1.9343e+00 -2.3168e+00 +1.8329e+00 +2.8788e+00
