"function evaluation" "noise-free fitness - Fopt (7.948000000000e+01)" "best noise-free fitness - Fopt" "measured fitness" "best measured fitness" "x1" "x2"
1 +1.203133849e+01 +1.203133849e+01 +9.151133849e+01 +9.151133849e+01 -3.2122e+00 -9.9942e-01
3 +2.905557890e+00 +2.905557890e+00 +8.238555789e+01 +8.238555789e+01 -1.0768e+00 -9.0160e-02
4 +2.159894536e-01 +2.159894536e-01 +7.969598945e+01 +7.969598945e+01 +4.4076e-02 -1.5720e+00
297 +3.870707529e-02 +3.870707529e-02 +7.951870708e+01 +7.951870708e+01 +4.4799e-01 -1.1322e+00
419 +3.266684591e-03 +3.266684591e-03 +7.948326668e+01 +7.948326668e+01 +2.5915e-01 -1.2136e+00
"function evaluation" "noise-free fitness - Fopt (3.944800000000e+02)" "best noise-free fitness - Fopt" "measured fitness" "best measured fitness" "x1" "x2"
1 +6.052388251e+01 +6.052388251e+01 +4.550038825e+02 +4.550038825e+02 +1.9273e+00 +2.2656e+00
2 +8.459435602e+00 +8.459435602e+00 +4.029394356e+02 +4.029394356e+02 -2.1049e+00 -6.0068e-01
8 +7.200458452e-01 +7.200458452e-01 +3.952000458e+02 +3.952000458e+02 -3.0767e+00 -2.6784e+00
45 +1.121264352e-01 +1.121264352e-01 +3.945921264e+02 +3.945921264e+02 -3.9676e+00 -2.5628e+00
150 +6.534138511e-03 +6.534138511e-03 +3.944865341e+02 +3.944865341e+02 -3.9758e+00 -2.8671e+00
"function evaluation" "noise-free fitness - Fopt (-2.471100000000e+02)" "best noise-free fitness - Fopt" "measured fitness" "best measured fitness" "x1" "x2"
1 +2.467531223e+01 +2.467531223e+01 -2.224346878e+02 -2.224346878e+02 +8.3736e-01 +1.9879e+00
2 +9.434074179e+00 +9.434074179e+00 -2.376759258e+02 -2.376759258e+02 -2.7943e+00 +3.1059e+00
5 +1.212905560e+00 +1.212905560e+00 -2.458970944e+02 -2.458970944e+02 -3.2394e+00 -7.4569e-01
15 +1.261833183e-01 +1.261833183e-01 -2.469838167e+02 -2.469838167e+02 -3.8955e+00 +5.4488e-01
77 +6.982136002e-02 +6.982136002e-02 -2.470401786e+02 -2.470401786e+02 -3.9313e+00 -2.5201e-02
198 +3.010493537e-02 +3.010493537e-02 -2.470798951e+02 -2.470798951e+02 -3.9715e+00 +1.9076e-01
389 +2.279213096e-02 +2.279213096e-02 -2.470872079e+02 -2.470872079e+02 -3.8835e+00 +7.8528e-02
778 +4.185819154e-03 +4.185819154e-03 -2.471058142e+02 -2.471058142e+02 -3.7575e+00 +1.5305e-01
"function evaluation" "noise-free fitness - Fopt (-1.520400000000e+02)" "best noise-free fitness - Fopt" "measured fitness" "best measured fitness" "x1" "x2"
1 +1.779046660e+01 +1.779046660e+01 -1.342495334e+02 -1.342495334e+02 +3.7434e+00 +2.7300e+00
5 +8.379899918e+00 +8.379899918e+00 -1.436601001e+02 -1.436601001e+02 +1.8413e+00 +3.4074e+00
9 +2.995799954e+00 +2.995799954e+00 -1.490442000e+02 -1.490442000e+02 +1.3353e+00 +7.6997e-01
31 +5.993873002e-01 +5.993873002e-01 -1.514406127e+02 -1.514406127e+02 -7.9842e-01 +8.6081e-01
57 +1.272983573e-01 +1.272983573e-01 -1.519127016e+02 -1.519127016e+02 +7.2066e-02 +1.3136e+00
199 +3.018471595e-02 +3.018471595e-02 -1.520098153e+02 -1.520098153e+02 -1.3498e-01 +1.3113e+00
828 +1.652108646e-02 +1.652108646e-02 -1.520234789e+02 -1.520234789e+02 -3.0920e-01 +1.3025e+00
"function evaluation" "noise-free fitness - Fopt (-2.525000000000e+01)" "best noise-free fitness - Fopt" "measured fitness" "best measured fitness" "x1" "x2"
1 +2.149635656e+01 +2.149635656e+01 -3.753643437e+00 -3.753643437e+00 -8.2840e-01 -6.9065e-01
2 +9.508043586e-01 +9.508043586e-01 -2.429919564e+01 -2.429919564e+01 +3.8084e+00 -3.2041e-01
44 +3.200107913e-01 +3.200107913e-01 -2.492998921e+01 -2.492998921e+01 +3.9032e+00 +1.4879e-01
78 +1.813377328e-01 +1.813377328e-01 -2.506866227e+01 -2.506866227e+01 +3.9353e+00 +3.5523e-01
128 +1.075574622e-01 +1.075574622e-01 -2.514244254e+01 -2.514244254e+01 +3.6540e+00 +3.0965e-01
458 +4.298652526e-02 +4.298652526e-02 -2.520701347e+01 -2.520701347e+01 +3.7094e+00 +4.5094e-01
557 +2.872150324e-02 +2.872150324e-02 -2.522127850e+01 -2.522127850e+01 +3.7736e+00 +5.7696e-01
"function evaluation" "noise-free fitness - Fopt (-2.017200000000e+02)" "best noise-free fitness - Fopt" "measured fitness" "best measured fitness" "x1" "x2"
1 +2.531260626e+01 +2.531260626e+01 -1.764073937e+02 -1.764073937e+02 -3.0963e+00 +1.8384e+00
4 +1.816868643e+00 +1.816868643e+00 -1.999031314e+02 -1.999031314e+02 -1.7176e-01 -3.4123e+00
20 +1.287114028e+00 +1.287114028e+00 -2.004328860e+02 -2.004328860e+02 -1.9362e+00 -1.8949e+00
22 +6.788162924e-01 +6.788162924e-01 -2.010411837e+02 -2.010411837e+02 -6.0513e-01 -3.0218e+00
47 +3.898322703e-01 +3.898322703e-01 -2.013301677e+02 -2.013301677e+02 -1.7527e+00 -3.4344e+00
100 +1.863910954e-01 +1.863910954e-01 -2.015336089e+02 -2.015336089e+02 -1.0160e+00 -3.0556e+00
249 +8.074753591e-02 +8.074753591e-02 -2.016392525e+02 -2.016392525e+02 -1.3628e+00 -2.6274e+00
603 +4.535271772e-02 +4.535271772e-02 -2.016746473e+02 -2.016746473e+02 -1.4345e+00 -3.1181e+00
719 +3.396207749e-02 +3.396207749e-02 -2.016860379e+02 -2.016860379e+02 -1.2552e+00 -2.9865e+00
"function evaluation" "noise-free fitness - Fopt (-1.000000000000e+03)" "best noise-free fitness - Fopt" "measured fitness" "best measured fitness" "x1" "x2"
1 +6.752356631e+00 +6.752356631e+00 -9.932476434e+02 -9.932476434e+02 -9.8995e-02 +2.8264e+00
2 +4.194429602e+00 +4.194429602e+00 -9.958055704e+02 -9.958055704e+02 -1.1418e+00 +1.9773e+00
7 +2.183050974e-01 +2.183050974e-01 -9.997816949e+02 -9.997816949e+02 -8.6523e-02 -2.3913e-01
159 +1.293427822e-01 +1.293427822e-01 -9.998706572e+02 -9.998706572e+02 +2.4872e-01 +3.8090e-01
186 +3.636347542e-02 +3.636347542e-02 -9.999636365e+02 -9.999636365e+02 -1.2246e-01 +4.2856e-02
598 +6.754609248e-03 +6.754609248e-03 -9.999932454e+02 -9.999932454e+02 -6.2327e-02 +1.4710e-01
"function evaluation" "noise-free fitness - Fopt (-4.290000000000e+01)" "best noise-free fitness - Fopt" "measured fitness" "best measured fitness" "x1" "x2"
1 +7.748471773e+01 +7.748471773e+01 +3.458471773e+01 +3.458471773e+01 -3.5882e+00 -3.8004e+00
2 +1.016664370e+01 +1.016664370e+01 -3.273335630e+01 -3.273335630e+01 -4.6404e-01 +1.6681e+00
5 +9.333613170e+00 +9.333613170e+00 -3.356638683e+01 -3.356638683e+01 -4.0517e-01 +2.1042e+00
6 +4.237961895e+00 +4.237961895e+00 -3.866203811e+01 -3.866203811e+01 +1.6934e+00 +5.9542e-01
8 +2.030290802e+00 +2.030290802e+00 -4.086970920e+01 -4.086970920e+01 +1.3758e+00 +1.7562e+00
18 +8.903958932e-01 +8.903958932e-01 -4.200960411e+01 -4.200960411e+01 +3.5735e+00 +2.3532e+00
39 +1.968700112e-01 +1.968700112e-01 -4.270312999e+01 -4.270312999e+01 +3.0765e+00 +2.4333e+00
55 +3.908373586e-02 +3.908373586e-02 -4.286091626e+01 -4.286091626e+01 +2.7515e+00 +2.5853e+00
83 +1.656683722e-02 +1.656683722e-02 -4.288343316e+01 -4.288343316e+01 +2.7292e+00 +2.5125e+00
491 +4.458233231e-03 +4.458233231e-03 -4.289554177e+01 -4.289554177e+01 +2.6039e+00 +2.4874e+00
"function evaluation" "noise-free fitness - Fopt (-1.013200000000e+02)" "best noise-free fitness - Fopt" "measured fitness" "best measured fitness" "x1" "x2"
1 +2.607791428e+01 +2.607791428e+01 -7.524208572e+01 -7.524208572e+01 -3.5187e-01 -1.9225e+00
3 +6.681140033e+00 +6.681140033e+00 -9.463885997e+01 -9.463885997e+01 +1.3680e-01 +6.9424e-01
7 +2.648691125e+00 +2.648691125e+00 -9.867130887e+01 -9.867130887e+01 +2.8975e+00 +1.6566e+00
9 +2.469489230e+00 +2.469489230e+00 -9.885051077e+01 -9.885051077e+01 +3.1480e+00 +2.1523e+00
43 +1.062704326e-01 +1.062704326e-01 -1.012137296e+02 -1.012137296e+02 +1.9168e+00 +2.9957e+00
735 +6.907388263e-02 +6.907388263e-02 -1.012509261e+02 -1.012509261e+02 +1.9550e+00 +2.8042e+00
931 +4.582290324e-02 +4.582290324e-02 -1.012741771e+02 -1.012741771e+02 +1.7150e+00 +2.9685e+00
"function evaluation" "noise-free fitness - Fopt (3.650000000000e+00)" "best noise-free fitness - Fopt" "measured fitness" "best measured fitness" "x1" "x2"
1 +3.204726074e+00 +3.204726074e+00 +6.854726074e+00 +6.854726074e+00 +1.5104e+00 -5.0045e-01
13 +2.507486135e+00 +2.507486135e+00 +6.157486135e+00 +6.157486135e+00 +1.5218e-01 -4.2832e-01
25 +8.493986136e-01 +8.493986136e-01 +4.499398614e+00 +4.499398614e+00 -1.5546e-01 -2.6279e+00
34 +5.247604161e-01 +5.247604161e-01 +4.174760416e+00 +4.174760416e+00 +1.2183e+00 -2.0008e+00
80 +3.675731919e-01 +3.675731919e-01 +4.017573192e+00 +4.017573192e+00 -1.7916e-02 -2.2986e+00
163 +2.040648992e-01 +2.040648992e-01 +3.854064899e+00 +3.854064899e+00 +4.2244e-01 -2.4204e+00
275 +6.180292098e-02 +6.180292098e-02 +3.711802921e+00 +3.711802921e+00 +4.2980e-01 -1.7343e+00
398 +1.784964418e-02 +1.784964418e-02 +3.667849644e+00 +3.667849644e+00 +5.8855e-01 -1.8796e+00
"function evaluation" "noise-free fitness - Fopt (2.205300000000e+02)" "best noise-free fitness - Fopt" "measured fitness" "best measured fitness" "x1" "x2"
1 +1.341559488e+01 +1.341559488e+01 +2.339455949e+02 +2.339455949e+02 +1.5104e+00 -5.0045e-01
3 +6.552896170e+00 +6.552896170e+00 +2.270828962e+02 +2.270828962e+02 +4.3955e-01 -3.7323e+00
8 +4.981523062e+00 +4.981523062e+00 +2.255115231e+02 +2.255115231e+02 +3.1205e+00 -1.6195e+00
12 +1.233945861e+00 +1.233945861e+00 +2.217639459e+02 +2.217639459e+02 +1.9423e+00 -3.4988e+00
14 +2.092354125e-01 +2.092354125e-01 +2.207392354e+02 +2.207392354e+02 +3.3665e+00 -3.5786e+00
15 +3.181102993e-02 +3.181102993e-02 +2.205618110e+02 +2.205618110e+02 +2.8382e+00 -3.7664e+00
125 +2.170208536e-02 +2.170208536e-02 +2.205517021e+02 +2.205517021e+02 +2.9504e+00 -3.7082e+00
367 +2.145261233e-04 +2.145261233e-04 +2.205302145e+02 +2.205302145e+02 +2.9899e+00 -3.8351e+00
"function evaluation" "noise-free fitness - Fopt (4.212900000000e+02)" "best noise-free fitness - Fopt" "measured fitness" "best measured fitness" "x1" "x2"
1 +1.107611046e+01 +1.107611046e+01 +4.323661105e+02 +4.323661105e+02 -1.9563e+00 +6.4425e-01
11 +2.959579053e+00 +2.959579053e+00 +4.242495791e+02 +4.242495791e+02 -2.2682e+00 +2.9616e+00
17 +1.660247512e+00 +1.660247512e+00 +4.229502475e+02 +4.229502475e+02 -3.0263e+00 +2.4118e+00
28 +3.082653173e-01 +3.082653173e-01 +4.215982653e+02 +4.215982653e+02 -3.4348e+00 +3.5041e+00
57 +9.648971910e-02 +9.648971910e-02 +4.213864897e+02 +4.213864897e+02 -3.7730e+00 +3.5592e+00
809 +4.558940213e-02 +4.558940213e-02 +4.213355894e+02 +4.213355894e+02 -3.8519e+00 +3.4941e+00
942 +2.289698015e-02 +2.289698015e-02 +4.213128970e+02 +4.213128970e+02 -3.9951e+00 +3.4519e+00
"function evaluation" "noise-free fitness - Fopt (-7.900000000000e+01)" "best noise-free fitness - Fopt" "measured fitness" "best measured fitness" "x1" "x2"
1 +1.190231666e+01 +1.190231666e+01 -6.709768334e+01 -6.709768334e+01 -1.7455e-01 +3.0805e+00
5 +8.134245204e+00 +8.134245204e+00 -7.086575480e+01 -7.086575480e+01 -1.9691e-01 +1.0969e+00
8 +4.359397772e+00 +4.359397772e+00 -7.464060223e+01 -7.464060223e+01 -3.2034e+00 +3.2533e+00
9 +3.516278201e+00 +3.516278201e+00 -7.548372180e+01 -7.548372180e+01 -3.4112e+00 -6.6846e-01
30 +8.328043571e-01 +8.328043571e-01 -7.816719564e+01 -7.816719564e+01 -2.6722e+00 +2.0028e+00
58 +3.483137346e-01 +3.483137346e-01 -7.865168627e+01 -7.865168627e+01 -2.4923e+00 +9.7229e-01
59 +1.454967729e-01 +1.454967729e-01 -7.885450323e+01 -7.885450323e+01 -3.3224e+00 +1.4362e+00
465 +6.222723514e-02 +6.222723514e-02 -7.893777276e+01 -7.893777276e+01 -3.2487e+00 +1.0231e+00
"function evaluation" "noise-free fitness - Fopt (-4.133000000000e+01)" "best noise-free fitness - Fopt" "measured fitness" "best measured fitness" "x1" "x2"
1 +2.234141291e+00 +2.234141291e+00 -3.909585871e+01 -3.909585871e+01 +5.9185e-01 -2.9371e+00
27 +6.045613725e-02 +6.045613725e-02 -4.126954386e+01 -4.126954386e+01 +5.9384e-01 -1.6508e+00
61 +2.780416338e-02 +2.780416338e-02 -4.130219584e+01 -4.130219584e+01 +2.8702e-01 -1.4562e+00
377 +1.233570932e-02 +1.233570932e-02 -4.131766429e+01 -4.131766429e+01 +4.4562e-01 -1.3380e+00
"function evaluation" "noise-free fitness - Fopt (2.127500000000e+02)" "best noise-free fitness - Fopt" "measured fitness" "best measured fitness" "x1" "x2"
1 +2.267740607e+01 +2.267740607e+01 +2.354274061e+02 +2.354274061e+02 -2.2704e+00 +1.8195e+00
4 +6.186557201e+00 +6.186557201e+00 +2.189365572e+02 +2.189365572e+02 -3.8059e+00 -1.8592e-01
7 +1.949154837e-01 +1.949154837e-01 +2.129449155e+02 +2.129449155e+02 -3.6428e+00 -3.0624e+00
47 +1.065610487e-01 +1.065610487e-01 +2.128565610e+02 +2.128565610e+02 -3.9136e+00 -2.3525e+00
811 +3.272070219e-02 +3.272070219e-02 +2.127827207e+02 +2.127827207e+02 -3.9341e+00 -2.8331e+00
"function evaluation" "noise-free fitness - Fopt (6.480000000000e+00)" "best noise-free fitness - Fopt" "measured fitness" "best measured fitness" "x1" "x2"
1 +5.000473243e+00 +5.000473243e+00 +1.148047324e+01 +1.148047324e+01 +1.5714e+00 +1.4930e-01
13 +1.198374207e+00 +1.198374207e+00 +7.678374207e+00 +7.678374207e+00 +1.7957e+00 -1.3088e+00
15 +8.103748887e-01 +8.103748887e-01 +7.290374889e+00 +7.290374889e+00 +3.2199e+00 -2.5133e+00
20 +1.258973060e-01 +1.258973060e-01 +6.605897306e+00 +6.605897306e+00 +3.1639e+00 -1.7711e+00
186 +6.608399614e-02 +6.608399614e-02 +6.546083996e+00 +6.546083996e+00 +2.5637e+00 -1.6528e+00
271 +5.178906505e-02 +5.178906505e-02 +6.531789065e+00 +6.531789065e+00 +2.9471e+00 -1.8945e+00
506 +3.030916690e-02 +3.030916690e-02 +6.510309167e+00 +6.510309167e+00 +2.6550e+00 -1.6396e+00
"function evaluation" "noise-free fitness - Fopt (-2.995100000000e+02)" "best noise-free fitness - Fopt" "measured fitness" "best measured fitness" "x1" "x2"
1 +5.434582224e+01 +5.434582224e+01 -2.451641778e+02 -2.451641778e+02 -3.0114e+00 +2.1028e+00
3 +2.654484432e+01 +2.654484432e+01 -2.729651557e+02 -2.729651557e+02 +3.6338e+00 +1.3520e+00
5 +1.966011342e+01 +1.966011342e+01 -2.798498866e+02 -2.798498866e+02 +1.3598e+00 +9.4165e-01
10 +6.394405182e+00 +6.394405182e+00 -2.931155948e+02 -2.931155948e+02 +2.1358e+00 -9.6039e-01
11 +4.553341241e+00 +4.553341241e+00 -2.949566588e+02 -2.949566588e+02 +3.8957e+00 -2.9912e+00
14 +1.870492216e-02 +1.870492216e-02 -2.994912951e+02 -2.994912951e+02 +1.8193e+00 -3.6055e+00
848 +1.514616815e-02 +1.514616815e-02 -2.994948538e+02 -2.994948538e+02 +1.9374e+00 -3.4484e+00
"function evaluation" "noise-free fitness - Fopt (1.653000000000e+02)" "best noise-free fitness - Fopt" "measured fitness" "best measured fitness" "x1" "x2"
1 +1.861045904e+01 +1.861045904e+01 +1.839104590e+02 +1.839104590e+02 +2.3604e-01 -2.4926e+00
2 +7.088079046e+00 +7.088079046e+00 +1.723880790e+02 +1.723880790e+02 -1.4174e+00 -2.2572e+00
6 +6.291848578e+00 +6.291848578e+00 +1.715918486e+02 +1.715918486e+02 -2.1240e+00 -3.1273e+00
18 +1.789527089e+00 +1.789527089e+00 +1.670895271e+02 +1.670895271e+02 -2.6007e+00 -1.2988e+00
27 +1.052770305e+00 +1.052770305e+00 +1.663527703e+02 +1.663527703e+02 -3.7173e+00 -2.3946e+00
61 +8.570845406e-01 +8.570845406e-01 +1.661570845e+02 +1.661570845e+02 -3.0167e+00 -1.2761e+00
105 +2.051731960e-02 +2.051731960e-02 +1.653205173e+02 +1.653205173e+02 -3.8259e+00 -1.4846e+00
299 +5.510576929e-03 +5.510576929e-03 +1.653055106e+02 +1.653055106e+02 -3.8967e+00 -1.4555e+00
"function evaluation" "noise-free fitness - Fopt (-1.737100000000e+02)" "best noise-free fitness - Fopt" "measured fitness" "best measured fitness" "x1" "x2"
1 +2.018531751e+01 +2.018531751e+01 -1.535246825e+02 -1.535246825e+02 +3.4829e+00 +2.7851e+00
3 +3.279250182e+00 +3.279250182e+00 -1.704307498e+02 -1.704307498e+02 -4.5947e-01 -1.5556e+00
20 +2.706347436e-01 +2.706347436e-01 -1.734393653e+02 -1.734393653e+02 +8.3743e-01 -9.1390e-01
77 +6.931567350e-02 +6.931567350e-02 -1.736406843e+02 -1.736406843e+02 +1.0795e+00 -1.0065e+00
317 +3.731791016e-03 +3.731791016e-03 -1.737062682e+02 -1.737062682e+02 +1.3568e+00 -1.1747e+00
"function evaluation" "noise-free fitness - Fopt (5.694000000000e+01)" "best noise-free fitness - Fopt" "measured fitness" "best measured fitness" "x1" "x2"
1 +1.601306124e+01 +1.601306124e+01 +7.295306124e+01 +7.295306124e+01 -3.0963e+00 +1.8384e+00
4 +4.047317418e+00 +4.047317418e+00 +6.098731742e+01 +6.098731742e+01 -1.7176e-01 -3.4123e+00
6 +2.805129439e+00 +2.805129439e+00 +5.974512944e+01 +5.974512944e+01 -3.1600e-01 -2.9839e-01
10 +1.527569518e+00 +1.527569518e+00 +5.846756952e+01 +5.846756952e+01 -1.4952e+00 -4.9436e-01
20 +5.355313453e-01 +5.355313453e-01 +5.747553135e+01 +5.747553135e+01 -1.9362e+00 -1.8949e+00
30 +2.185417040e-01 +2.185417040e-01 +5.715854170e+01 +5.715854170e+01 -1.6168e+00 -1.4385e+00
62 +1.498528521e-02 +1.498528521e-02 +5.695498529e+01 +5.695498529e+01 -1.2675e+00 -1.5849e+00
"function evaluation" "noise-free fitness - Fopt (-1.336400000000e+02)" "best noise-free fitness - Fopt" "measured fitness" "best measured fitness" "x1" "x2"
1 +4.889861437e+01 +4.889861437e+01 -8.474138563e+01 -8.474138563e+01 -1.6108e+00 -1.4667e+00
2 +1.226950959e+00 +1.226950959e+00 -1.324130490e+02 -1.324130490e+02 +2.3831e+00 +2.8558e+00
4 +5.267485242e-01 +5.267485242e-01 -1.331132515e+02 -1.331132515e+02 +2.9676e+00 +2.9562e+00
15 +1.495656801e-01 +1.495656801e-01 -1.334904343e+02 -1.334904343e+02 +3.3604e+00 +3.3389e+00
638 +6.053988676e-02 +6.053988676e-02 -1.335794601e+02 -1.335794601e+02 +3.3706e+00 +3.7577e+00
"function evaluation" "noise-free fitness - Fopt (-5.780000000000e+00)" "best noise-free fitness - Fopt" "measured fitness" "best measured fitness" "x1" "x2"
1 +1.285259844e+01 +1.285259844e+01 +7.072598441e+00 +7.072598441e+00 +1.0854e+00 -1.0293e+00
4 +2.544441378e+00 +2.544441378e+00 -3.235558622e+00 -3.235558622e+00 -1.8715e+00 -3.6006e+00
14 +6.232657023e-01 +6.232657023e-01 -5.156734298e+00 -5.156734298e+00 -3.1093e+00 -2.2676e+00
175 +1.945977267e-01 +1.945977267e-01 -5.585402273e+00 -5.585402273e+00 -2.0291e+00 -2.3865e+00
197 +1.210015125e-01 +1.210015125e-01 -5.658998488e+00 -5.658998488e+00 -2.2161e+00 -2.4006e+00
243 +2.829882583e-02 +2.829882583e-02 -5.751701174e+00 -5.751701174e+00 -2.2714e+00 -1.9247e+00
748 +6.611889879e-03 +6.611889879e-03 -5.773388110e+00 -5.773388110e+00 -2.3424e+00 -1.9955e+00
"function evaluation" "noise-free fitness - Fopt (4.996000000000e+01)" "best noise-free fitness - Fopt" "measured fitness" "best measured fitness" "x1" "x2"
1 +5.650699854e+00 +5.650699854e+00 +5.561069985e+01 +5.561069985e+01 +8.3736e-01 +1.9879e+00
2 +3.886943460e+00 +3.886943460e+00 +5.384694346e+01 +5.384694346e+01 -2.7943e+00 +3.1059e+00
10 +1.455700901e+00 +1.455700901e+00 +5.141570090e+01 +5.141570090e+01 -2.1976e+00 +2.6015e+00
18 +3.793136560e-01 +3.793136560e-01 +5.033931366e+01 +5.033931366e+01 -1.8789e+00 +2.1033e+00
67 +2.537680540e-03 +2.537680540e-03 +4.996253768e+01 +4.996253768e+01 -1.5068e+00 +1.5601e+00
"function evaluation" "noise-free fitness - Fopt (-1.266700000000e+02)" "best noise-free fitness - Fopt" "measured fitness" "best measured fitness" "x1" "x2"
1 +1.561072853e+01 +1.561072853e+01 -1.110592715e+02 -1.110592715e+02 +1.5104e+00 -5.0045e-01
4 +3.029883799e+00 +3.029883799e+00 -1.236401162e+02 -1.236401162e+02 -2.6136e+00 +1.9691e+00
42 +1.729675906e+00 +1.729675906e+00 -1.249403241e+02 -1.249403241e+02 -1.1106e+00 +6.2577e-01
43 +1.057475723e+00 +1.057475723e+00 -1.256125243e+02 -1.256125243e+02 -1.8687e+00 -6.5252e-01
92 +6.981568551e-01 +6.981568551e-01 -1.259718431e+02 -1.259718431e+02 -1.8293e+00 -3.9177e-01
105 +4.707917146e-01 +4.707917146e-01 -1.261992083e+02 -1.261992083e+02 -1.6877e+00 +1.6986e-01
220 +1.806749203e-01 +1.806749203e-01 -1.264893251e+02 -1.264893251e+02 -2.7127e+00 -5.2592e-03
623 +1.545769678e-01 +1.545769678e-01 -1.265154230e+02 -1.265154230e+02 -2.1440e+00 -7.6400e-02
638 +2.411892212e-03 +2.411892212e-03 -1.266675881e+02 -1.266675881e+02 -2.4038e+00 +2.1032e-01
"function evaluation" "noise-free fitness - Fopt (7.427000000000e+01)" "best noise-free fitness - Fopt" "measured fitness" "best measured fitness" "x1" "x2"
1 +2.390443436e+01 +2.390443436e+01 +9.817443436e+01 +9.817443436e+01 -2.7825e+00 +3.4577e+00
3 +1.227810616e+01 +1.227810616e+01 +8.654810616e+01 +8.654810616e+01 +2.1923e+00 -1.4779e+00
4 +5.157809857e+00 +5.157809857e+00 +7.942780986e+01 +7.942780986e+01 +9.6454e-01 -1.3630e+00
6 +2.347093035e+00 +2.347093035e+00 +7.661709303e+01 +7.661709303e+01 -2.6222e+00 -4.2641e-01
11 +7.795877710e-02 +7.795877710e-02 +7.434795878e+01 +7.434795878e+01 -1.0249e+00 -1.1587e+00
148 +3.790101765e-02 +3.790101765e-02 +7.430790102e+01 +7.430790102e+01 -1.4700e+00 -1.1053e+00
186 +1.671927379e-03 +1.671927379e-03 +7.427167193e+01 +7.427167193e+01 -1.3356e+00 -1.1801e+00
"function evaluation" "noise-free fitness - Fopt (-1.227000000000e+01)" "best noise-free fitness - Fopt" "measured fitness" "best measured fitness" "x1" "x2"
1 +3.164744491e+01 +3.164744491e+01 +1.937744491e+01 +1.937744491e+01 -1.6108e+00 -1.4667e+00
6 +4.143112783e-01 +4.143112783e-01 -1.185568872e+01 -1.185568872e+01 +3.5840e+00 -2.6676e+00
70 +2.298158762e-01 +2.298158762e-01 -1.204018412e+01 -1.204018412e+01 +3.6345e+00 -3.7729e+00
137 +9.797859425e-02 +9.797859425e-02 -1.217202141e+01 -1.217202141e+01 +3.9965e+00 -3.4205e+00
193 +2.092320278e-02 +2.092320278e-02 -1.224907680e+01 -1.224907680e+01 +3.5635e+00 -3.2926e+00
780 +1.245803191e-02 +1.245803191e-02 -1.225754197e+01 -1.225754197e+01 +3.7127e+00 -3.4107e+00
"function evaluation" "noise-free fitness - Fopt (-8.140000000000e+01)" "best noise-free fitness - Fopt" "measured fitness" "best measured fitness" "x1" "x2"
1 +2.983596843e+01 +2.983596843e+01 -5.156403157e+01 -5.156403157e+01 -2.7825e+00 +3.4577e+00
2 +1.781285667e+01 +1.781285667e+01 -6.358714333e+01 -6.358714333e+01 +2.7931e+00 -3.8929e+00
3 +3.028904334e+00 +3.028904334e+00 -7.837109567e+01 -7.837109567e+01 +2.1923e+00 -1.4779e+00
14 +1.253686760e+00 +1.253686760e+00 -8.014631324e+01 -8.014631324e+01 +8.2300e-01 -7.0042e-01
26 +3.887917531e-01 +3.887917531e-01 -8.101120825e+01 -8.101120825e+01 +9.5610e-01 -1.5118e-02
35 +7.156090234e-02 +7.156090234e-02 -8.132843910e+01 -8.132843910e+01 +1.7338e+00 +3.4587e-01
74 +5.590368244e-02 +5.590368244e-02 -8.134409632e+01 -8.134409632e+01 +1.4300e+00 +3.4119e-01
265 +3.950207301e-02 +3.950207301e-02 -8.136049793e+01 -8.136049793e+01 +1.7539e+00 +1.8305e-01
642 +1.380395085e-02 +1.380395085e-02 -8.138619605e+01 -8.138619605e+01 +1.4856e+00 +5.1592e-02
"function evaluation" "noise-free fitness - Fopt (-2.073900000000e+02)" "best noise-free fitness - Fopt" "measured fitness" "best measured fitness" "x1" "x2"
1 +1.497772261e+01 +1.497772261e+01 -1.924122774e+02 -1.924122774e+02 +2.3604e-01 -2.4926e+00
2 +5.787726089e+00 +5.787726089e+00 -2.016022739e+02 -2.016022739e+02 -1.4174e+00 -2.2572e+00
17 +2.510946671e+00 +2.510946671e+00 -2.048790533e+02 -2.048790533e+02 -1.8498e+00 +4.1393e-01
18 +8.239283890e-01 +8.239283890e-01 -2.065660716e+02 -2.065660716e+02 -2.6007e+00 -1.2988e+00
61 +5.399947629e-01 +5.399947629e-01 -2.068500052e+02 -2.068500052e+02 -3.0167e+00 -1.2761e+00
71 +3.338226897e-02 +3.338226897e-02 -2.073566177e+02 -2.073566177e+02 -3.1904e+00 -7.1109e-01
446 +1.002092571e-02 +1.002092571e-02 -2.073799791e+02 -2.073799791e+02 -3.0736e+00 -6.4061e-01
"function evaluation" "noise-free fitness - Fopt (-9.524000000000e+01)" "best noise-free fitness - Fopt" "measured fitness" "best measured fitness" "x1" "x2"
1 +7.117655515e+00 +7.117655515e+00 -8.812234448e+01 -8.812234448e+01 +9.7397e-01 +3.0621e+00
3 +4.211474327e+00 +4.211474327e+00 -9.102852567e+01 -9.102852567e+01 +4.9678e-01 -4.7916e-01
19 +1.720571873e+00 +1.720571873e+00 -9.351942813e+01 -9.351942813e+01 +3.4437e+00 +3.1190e-01
31 +7.442198227e-01 +7.442198227e-01 -9.449578018e+01 -9.449578018e+01 +3.0419e+00 +5.7479e-01
32 +2.986783851e-01 +2.986783851e-01 -9.494132161e+01 -9.494132161e+01 +1.7131e+00 +9.5891e-01
84 +9.155035290e-02 +9.155035290e-02 -9.514844965e+01 -9.514844965e+01 +2.1079e+00 +3.9340e-01
245 +1.805564552e-02 +1.805564552e-02 -9.522194435e+01 -9.522194435e+01 +2.2299e+00 +5.5848e-01
413 +1.533378747e-02 +1.533378747e-02 -9.522466621e+01 -9.522466621e+01 +2.3071e+00 +6.5811e-01
"function evaluation" "noise-free fitness - Fopt (-1.589200000000e+02)" "best noise-free fitness - Fopt" "measured fitness" "best measured fitness" "x1" "x2"
1 +3.281798729e+00 +3.281798729e+00 -1.556382013e+02 -1.556382013e+02 +2.9811e+00 +2.0760e+00
6 +1.850484615e+00 +1.850484615e+00 -1.570695154e+02 -1.570695154e+02 +1.7009e+00 -7.9898e-01
11 +1.054920626e+00 +1.054920626e+00 -1.578650794e+02 -1.578650794e+02 +3.4540e+00 +3.2587e-01
12 +3.317366759e-01 +3.317366759e-01 -1.585882633e+02 -1.585882633e+02 +2.2118e+00 +8.8539e-01
85 +1.919291523e-01 +1.919291523e-01 -1.587280708e+02 -1.587280708e+02 +2.3473e+00 -7.9550e-02
98 +5.158200284e-03 +5.158200284e-03 -1.589148418e+02 -1.589148418e+02 +2.4822e+00 +3.9733e-01
"function evaluation" "noise-free fitness - Fopt (1.347300000000e+02)" "best noise-free fitness - Fopt" "measured fitness" "best measured fitness" "x1" "x2"
1 +1.775408893e+00 +1.775408893e+00 +1.365054089e+02 +1.365054089e+02 -3.5882e+00 -3.8004e+00
10 +5.649128202e-01 +5.649128202e-01 +1.352949128e+02 +1.352949128e+02 -3.0017e+00 -3.7858e+00
156 +3.131972993e-01 +3.131972993e-01 +1.350431973e+02 +1.350431973e+02 -2.5253e+00 -3.1298e+00
190 +2.281687567e-01 +2.281687567e-01 +1.349581688e+02 +1.349581688e+02 -1.8255e+00 -3.8082e+00
264 +3.801492176e-02 +3.801492176e-02 +1.347680149e+02 +1.347680149e+02 -2.1468e+00 -3.4731e+00
640 +1.874962027e-02 +1.874962027e-02 +1.347487496e+02 +1.347487496e+02 -2.1601e+00 -3.5411e+00
"function evaluation" "noise-free fitness - Fopt (1.520000000000e+00)" "best noise-free fitness - Fopt" "measured fitness" "best measured fitness" "x1" "x2"
1 +4.051926173e+01 +4.051926173e+01 +4.203926173e+01 +4.203926173e+01 +3.7648e+00 +2.9823e+00
2 +1.490482872e+01 +1.490482872e+01 +1.642482872e+01 +1.642482872e+01 -3.3138e+00 +3.0207e-01
5 +3.628345069e-01 +3.628345069e-01 +1.882834507e+00 +1.882834507e+00 +3.4760e-01 -2.2239e+00
291 +1.792233756e-01 +1.792233756e-01 +1.699223376e+00 +1.699223376e+00 -6.3029e-01 -1.9613e+00
322 +1.450097541e-01 +1.450097541e-01 +1.665009754e+00 +1.665009754e+00 +7.6316e-03 -2.3051e+00
458 +2.017638255e-02 +2.017638255e-02 +1.540176383e+00 +1.540176383e+00 -3.5004e-01 -1.9907e+00
"function evaluation" "noise-free fitness - Fopt (4.530000000000e+01)" "best noise-free fitness - Fopt" "measured fitness" "best measured fitness" "x1" "x2"
1 +4.112840618e+01 +4.112840618e+01 +8.642840618e+01 +8.642840618e+01 -1.0959e+00 -3.7551e+00
2 +9.072192037e+00 +9.072192037e+00 +5.437219204e+01 +5.437219204e+01 -1.9339e+00 +3.0652e+00
12 +5.401310693e+00 +5.401310693e+00 +5.070131069e+01 +5.070131069e+01 +1.1947e+00 -2.3576e-03
17 +1.821207700e+00 +1.821207700e+00 +4.712120770e+01 +4.712120770e+01 -8.0804e-02 +3.1431e+00
24 +8.340115932e-01 +8.340115932e-01 +4.613401159e+01 +4.613401159e+01 +1.8937e+00 +2.3719e+00
57 +3.171802214e-01 +3.171802214e-01 +4.561718022e+01 +4.561718022e+01 +1.4426e+00 +1.9873e+00
101 +6.600396155e-02 +6.600396155e-02 +4.536600396e+01 +4.536600396e+01 +7.2554e-01 +2.3068e+00
228 +2.335834763e-04 +2.335834763e-04 +4.530023358e+01 +4.530023358e+01 +9.9454e-01 +2.3213e+00
"function evaluation" "noise-free fitness - Fopt (-1.605700000000e+02)" "best noise-free fitness - Fopt" "measured fitness" "best measured fitness" "x1" "x2"
1 +1.461890787e+01 +1.461890787e+01 -1.459510921e+02 -1.459510921e+02 +1.9901e+00 +1.9890e+00
5 +7.642098017e+00 +7.642098017e+00 -1.529279020e+02 -1.529279020e+02 -3.5705e+00 +1.5907e+00
6 +2.475251569e+00 +2.475251569e+00 -1.580947484e+02 -1.580947484e+02 -2.6069e+00 -8.3626e-01
23 +4.647321498e-01 +4.647321498e-01 -1.601052679e+02 -1.601052679e+02 -9.6372e-01 +6.2431e-01
26 +3.219739149e-01 +3.219739149e-01 -1.602480261e+02 -1.602480261e+02 -8.7656e-01 -3.6096e-01
241 +9.847491336e-02 +9.847491336e-02 -1.604715251e+02 -1.604715251e+02 -1.1287e+00 -2.4207e-01
356 +1.968960550e-02 +1.968960550e-02 -1.605503104e+02 -1.605503104e+02 -1.4192e+00 +8.3827e-02
"function evaluation" "noise-free fitness - Fopt (-2.916100000000e+02)" "best noise-free fitness - Fopt" "measured fitness" "best measured fitness" "x1" "x2"
1 +7.868778895e-01 +7.868778895e-01 -2.908231221e+02 -2.908231221e+02 -1.1787e+00 +2.8088e+00
2 +5.554956863e-01 +5.554956863e-01 -2.910545043e+02 -2.910545043e+02 -1.6449e+00 +1.8280e+00
11 +3.145881627e-01 +3.145881627e-01 -2.912954118e+02 -2.912954118e+02 -2.5588e+00 +2.5581e+00
37 +2.454694596e-01 +2.454694596e-01 -2.913645305e+02 -2.913645305e+02 -1.8687e+00 +2.9584e+00
183 +7.112923740e-02 +7.112923740e-02 -2.915388708e+02 -2.915388708e+02 -2.2699e+00 +2.4772e+00
255 +1.301438117e-02 +1.301438117e-02 -2.915969856e+02 -2.915969856e+02 -2.0603e+00 +2.5803e+00
"function evaluation" "noise-free fitness - Fopt (-8.736000000000e+01)" "best noise-free fitness - Fopt" "measured fitness" "best measured fitness" "x1" "x2"
1 +1.150974834e+01 +1.150974834e+01 -7.585025166e+01 -7.585025166e+01 +1.4090e+00 +2.2571e+00
2 +9.723016578e+00 +9.723016578e+00 -7.763698342e+01 -7.763698342e+01 +2.3340e+00 -9.7646e-01
3 +4.626972408e+00 +4.626972408e+00 -8.273302759e+01 -8.273302759e+01 -1.8412e+00 -2.2188e+00
7 +1.157359722e+00 +1.157359722e+00 -8.620264028e+01 -8.620264028e+01 -1.0482e-01 -1.2573e+00
12 +6.668360591e-01 +6.668360591e-01 -8.669316394e+01 -8.669316394e+01 -4.2652e-02 -8.2566e-01
72 +2.382963555e-01 +2.382963555e-01 -8.712170364e+01 -8.712170364e+01 -1.1653e+00 -5.9280e-01
193 +1.084449675e-01 +1.084449675e-01 -8.725155503e+01 -8.725155503e+01 -4.6999e-01 -1.7256e-01
389 +9.914435688e-02 +9.914435688e-02 -8.726085564e+01 -8.726085564e+01 -5.6055e-01 -1.1155e-01
722 +3.339810069e-03 +3.339810069e-03 -8.735666019e+01 -8.735666019e+01 -7.5428e-01 -4.2982e-01
"function evaluation" "noise-free fitness - Fopt (1.000000000000e+03)" "best noise-free fitness - Fopt" "measured fitness" "best measured fitness" "x1" "x2"
1 +4.957868716e+00 +4.957868716e+00 +1.004957869e+03 +1.004957869e+03 -1.0329e+00 -2.1590e+00
30 +3.954249188e+00 +3.954249188e+00 +1.003954249e+03 +1.003954249e+03 -7.6728e-01 -2.9793e+00
32 +1.955273395e+00 +1.955273395e+00 +1.001955273e+03 +1.001955273e+03 -3.9210e+00 -3.2549e+00
37 +3.949034310e-01 +3.949034310e-01 +1.000394903e+03 +1.000394903e+03 -3.1959e+00 -3.5136e+00
57 +1.857907261e-01 +1.857907261e-01 +1.000185791e+03 +1.000185791e+03 -2.7282e+00 -3.3199e+00
116 +1.100515022e-01 +1.100515022e-01 +1.000110052e+03 +1.000110052e+03 -2.4945e+00 -3.4216e+00
263 +2.828395663e-02 +2.828395663e-02 +1.000028284e+03 +1.000028284e+03 -2.7744e+00 -3.7152e+00
695 +7.184760702e-04 +7.184760702e-04 +1.000000718e+03 +1.000000718e+03 -2.5831e+00 -3.7454e+00
"function evaluation" "noise-free fitness - Fopt (2.887300000000e+02)" "best noise-free fitness - Fopt" "measured fitness" "best measured fitness" "x1" "x2"
1 +4.716518673e+00 +4.716518673e+00 +2.934465187e+02 +2.934465187e+02 -3.2269e-01 -6.2959e-02
6 +1.777519788e-01 +1.777519788e-01 +2.889077520e+02 +2.889077520e+02 -2.7057e+00 +8.1082e-01
23 +4.204421158e-02 +4.204421158e-02 +2.887720442e+02 +2.887720442e+02 -2.3306e+00 +3.1629e-01
411 +1.625530676e-02 +1.625530676e-02 +2.887462553e+02 +2.887462553e+02 -2.2927e+00 +4.9360e-01
"function evaluation" "noise-free fitness - Fopt (-3.046000000000e+01)" "best noise-free fitness - Fopt" "measured fitness" "best measured fitness" "x1" "x2"
1 +3.981431043e+00 +3.981431043e+00 -2.647856896e+01 -2.647856896e+01 +2.9988e+00 +2.5686e+00
2 +8.943806387e-01 +8.943806387e-01 -2.956561936e+01 -2.956561936e+01 +1.1414e+00 +4.4605e-01
21 +6.171962204e-01 +6.171962204e-01 -2.984280378e+01 -2.984280378e+01 +2.7851e+00 +7.9472e-01
25 +1.054333155e-01 +1.054333155e-01 -3.035456668e+01 -3.035456668e+01 +1.7450e+00 +1.0408e+00
90 +8.194236562e-03 +8.194236562e-03 -3.045180576e+01 -3.045180576e+01 +1.9279e+00 +7.8718e-01
"function evaluation" "noise-free fitness - Fopt (-1.184600000000e+02)" "best noise-free fitness - Fopt" "measured fitness" "best measured fitness" "x1" "x2"
1 +2.254070285e+01 +2.254070285e+01 -9.591929715e+01 -9.591929715e+01 +2.4023e+00 +1.2517e+00
6 +7.583412418e+00 +7.583412418e+00 -1.108765876e+02 -1.108765876e+02 +3.3034e-01 -3.9997e+00
11 +1.803595379e-01 +1.803595379e-01 -1.182796405e+02 -1.182796405e+02 +3.4398e+00 -3.5643e+00
468 +6.936303829e-02 +6.936303829e-02 -1.183906370e+02 -1.183906370e+02 +3.1591e+00 -3.6837e+00
909 +2.325901231e-02 +2.325901231e-02 -1.184367410e+02 -1.184367410e+02 +3.0838e+00 -3.5970e+00
922 +4.193002196e-03 +4.193002196e-03 -1.184558070e+02 -1.184558070e+02 +3.0925e+00 -3.4696e+00
"function evaluation" "noise-free fitness - Fopt (2.230000000000e+00)" "best noise-free fitness - Fopt" "measured fitness" "best measured fitness" "x1" "x2"
1 +2.621214788e+01 +2.621214788e+01 +2.844214788e+01 +2.844214788e+01 +1.4540e+00 +2.1325e+00
4 +1.145835156e+01 +1.145835156e+01 +1.368835156e+01 +1.368835156e+01 +5.4295e-01 -2.1008e+00
7 +9.745572328e+00 +9.745572328e+00 +1.197557233e+01 +1.197557233e+01 +3.1160e+00 +6.6171e-01
8 +4.163097948e+00 +4.163097948e+00 +6.393097948e+00 +6.393097948e+00 +3.9608e+00 -3.1527e-01
26 +9.244766080e-02 +9.244766080e-02 +2.322447661e+00 +2.322447661e+00 +3.6389e+00 -2.2355e+00
"function evaluation" "noise-free fitness - Fopt (-1.308000000000e+01)" "best noise-free fitness - Fopt" "measured fitness" "best measured fitness" "x1" "x2"
1 +1.369776186e+01 +1.369776186e+01 +6.177618628e-01 +6.177618628e-01 +3.6672e+00 -3.2650e+00
5 +1.755464774e+00 +1.755464774e+00 -1.132453523e+01 -1.132453523e+01 +1.4190e+00 -2.4845e+00
7 +1.550370819e+00 +1.550370819e+00 -1.152962918e+01 -1.152962918e+01 +1.0534e+00 -1.0151e+00
46 +5.824857287e-01 +5.824857287e-01 -1.249751427e+01 -1.249751427e+01 +4.5556e-01 -1.2106e+00
97 +1.352001308e-01 +1.352001308e-01 -1.294479987e+01 -1.294479987e+01 +3.5012e-01 -1.5930e+00
233 +3.994043564e-02 +3.994043564e-02 -1.304005956e+01 -1.304005956e+01 +2.4830e-01 -1.7376e+00
271 +3.025080282e-02 +3.025080282e-02 -1.304974920e+01 -1.304974920e+01 +2.6911e-01 -2.0992e+00
"function evaluation" "noise-free fitness - Fopt (2.671600000000e+02)" "best noise-free fitness - Fopt" "measured fitness" "best measured fitness" "x1" "x2"
1 +4.365593491e+01 +4.365593491e+01 +3.108159349e+02 +3.108159349e+02 +3.6672e+00 -3.2650e+00
2 +2.415004142e+01 +2.415004142e+01 +2.913100414e+02 +2.913100414e+02 -2.9314e+00 +1.2775e+00
14 +1.061596080e+00 +1.061596080e+00 +2.682215961e+02 +2.682215961e+02 -2.7312e+00 -2.6257e+00
74 +2.517077795e-01 +2.517077795e-01 +2.674117078e+02 +2.674117078e+02 -2.5264e+00 -3.9354e+00
84 +8.857949902e-02 +8.857949902e-02 +2.672485795e+02 +2.672485795e+02 -2.6597e+00 -3.5114e+00
143 +4.004920722e-02 +4.004920722e-02 +2.672000492e+02 +2.672000492e+02 -2.9201e+00 -3.4369e+00
402 +3.361291382e-03 +3.361291382e-03 +2.671633613e+02 +2.671633613e+02 -2.9654e+00 -3.6824e+00
"function evaluation" "noise-free fitness - Fopt (3.710000000000e+00)" "best noise-free fitness - Fopt" "measured fitness" "best measured fitness" "x1" "x2"
1 +1.601161183e+00 +1.601161183e+00 +5.311161183e+00 +5.311161183e+00 +3.0341e+00 -2.3753e+00
51 +1.192667150e+00 +1.192667150e+00 +4.902667150e+00 +4.902667150e+00 +2.9339e+00 -2.8989e+00
73 +5.087637263e-01 +5.087637263e-01 +4.218763726e+00 +4.218763726e+00 +3.5021e+00 -3.7485e+00
85 +1.679481479e-01 +1.679481479e-01 +3.877948148e+00 +3.877948148e+00 +3.7319e+00 -3.5450e+00
93 +9.313457467e-02 +9.313457467e-02 +3.803134575e+00 +3.803134575e+00 +3.7234e+00 -3.3853e+00
229 +5.221664125e-02 +5.221664125e-02 +3.762216641e+00 +3.762216641e+00 +3.7533e+00 -3.2571e+00
"function evaluation" "noise-free fitness - Fopt (9.478000000000e+01)" "best noise-free fitness - Fopt" "measured fitness" "best measured fitness" "x1" "x2"
1 +5.748731229e+01 +5.748731229e+01 +1.522673123e+02 +1.522673123e+02 -3.0389e+00 +3.3053e+00
2 +9.933895279e+00 +9.933895279e+00 +1.047138953e+02 +1.047138953e+02 +1.0747e+00 -4.1508e-03
14 +4.503655207e+00 +4.503655207e+00 +9.928365521e+01 +9.928365521e+01 -1.1100e+00 -2.5806e+00
20 +6.309549440e-01 +6.309549440e-01 +9.541095494e+01 +9.541095494e+01 +6.9550e-01 -2.3950e+00
42 +3.406506896e-01 +3.406506896e-01 +9.512065069e+01 +9.512065069e+01 +3.9245e-01 -2.9342e+00
84 +2.280169258e-01 +2.280169258e-01 +9.500801693e+01 +9.500801693e+01 +9.4640e-01 -3.6301e+00
270 +1.020414423e-01 +1.020414423e-01 +9.488204144e+01 +9.488204144e+01 +6.8671e-01 -3.3555e+00
670 +1.366968728e-02 +1.366968728e-02 +9.479366969e+01 +9.479366969e+01 +1.0375e+00 -3.0992e+00
"function evaluation" "noise-free fitness - Fopt (2.339200000000e+02)" "best noise-free fitness - Fopt" "measured fitness" "best measured fitness" "x1" "x2"
1 +1.062623208e+01 +1.062623208e+01 +2.445462321e+02 +2.445462321e+02 -1.9300e+00 -2.2589e+00
3 +8.786922437e+00 +8.786922437e+00 +2.427069224e+02 +2.427069224e+02 -8.1445e-01 +2.0483e+00
6 +3.559786320e+00 +3.559786320e+00 +2.374797863e+02 +2.374797863e+02 -1.6556e+00 +1.3011e+00
7 +2.700849503e-01 +2.700849503e-01 +2.341900850e+02 +2.341900850e+02 -2.9046e+00 +5.9446e-01
101 +2.103812092e-01 +2.103812092e-01 +2.341303812e+02 +2.341303812e+02 -2.9688e+00 +5.7111e-01
747 +5.510276213e-02 +5.510276213e-02 +2.339751028e+02 +2.339751028e+02 -3.6542e+00 +6.0209e-01
859 +7.845421806e-03 +7.845421806e-03 +2.339278454e+02 +2.339278454e+02 -3.4514e+00 +5.5552e-01
"function evaluation" "noise-free fitness - Fopt (-6.092000000000e+01)" "best noise-free fitness - Fopt" "measured fitness" "best measured fitness" "x1" "x2"
1 +1.591970427e+01 +1.591970427e+01 -4.500029573e+01 -4.500029573e+01 -3.0389e+00 +3.3053e+00
2 +6.832829780e+00 +6.832829780e+00 -5.408717022e+01 -5.408717022e+01 +1.0747e+00 -4.1508e-03
3 +3.222258422e+00 +3.222258422e+00 -5.769774158e+01 -5.769774158e+01 -2.2133e-01 +1.1926e+00
6 +1.067460858e+00 +1.067460858e+00 -5.985253914e+01 -5.985253914e+01 +3.7715e-02 +2.0174e+00
32 +6.153291423e-01 +6.153291423e-01 -6.030467086e+01 -6.030467086e+01 +1.5949e+00 +2.2616e+00
73 +6.708878279e-02 +6.708878279e-02 -6.085291122e+01 -6.085291122e+01 +1.1473e+00 +2.5861e+00
"function evaluation" "noise-free fitness - Fopt (-1.948000000000e+01)" "best noise-free fitness - Fopt" "measured fitness" "best measured fitness" "x1" "x2"
1 +3.156779837e+01 +3.156779837e+01 +1.208779837e+01 +1.208779837e+01 -8.3762e-01 -3.5709e+00
2 +3.876093653e-01 +3.876093653e-01 -1.909239063e+01 -1.909239063e+01 -4.0156e-01 +2.3312e+00
199 +5.986081807e-02 +5.986081807e-02 -1.942013918e+01 -1.942013918e+01 -8.0653e-01 +1.8521e+00
"function evaluation" "noise-free fitness - Fopt (1.344700000000e+02)" "best noise-free fitness - Fopt" "measured fitness" "best measured fitness" "x1" "x2"
1 +2.162966894e+00 +2.162966894e+00 +1.366329669e+02 +1.366329669e+02 -1.9362e+00 +2.5170e+00
23 +1.348967314e+00 +1.348967314e+00 +1.358189673e+02 +1.358189673e+02 -2.3951e+00 +3.9303e+00
63 +8.129000100e-01 +8.129000100e-01 +1.352829000e+02 +1.352829000e+02 -2.4255e+00 +3.4954e+00
73 +3.173027596e-02 +3.173027596e-02 +1.345017303e+02 +1.345017303e+02 -3.4382e+00 +3.1717e+00
723 +6.959781791e-03 +6.959781791e-03 +1.344769598e+02 +1.344769598e+02 -3.2177e+00 +3.0846e+00
"function evaluation" "noise-free fitness - Fopt (4.453500000000e+02)" "best noise-free fitness - Fopt" "measured fitness" "best measured fitness" "x1" "x2"
1 +2.356633493e+01 +2.356633493e+01 +4.689163349e+02 +4.689163349e+02 +1.4434e+00 +1.8951e+00
3 +1.493293787e+01 +1.493293787e+01 +4.602829379e+02 +4.602829379e+02 +1.2331e-01 +1.3493e+00
7 +3.192286581e+00 +3.192286581e+00 +4.485422866e+02 +4.485422866e+02 -2.5123e+00 +1.6803e+00
18 +2.477995591e-01 +2.477995591e-01 +4.455977996e+02 +4.455977996e+02 -2.7421e+00 +3.5416e+00
182 +8.987929664e-02 +8.987929664e-02 +4.454398793e+02 +4.454398793e+02 -3.4160e+00 +3.1310e+00
638 +3.900792644e-03 +3.900792644e-03 +4.453539008e+02 +4.453539008e+02 -3.1473e+00 +3.3740e+00
"function evaluation" "noise-free fitness - Fopt (8.790000000000e+01)" "best noise-free fitness - Fopt" "measured fitness" "best measured fitness" "x1" "x2"
1 +6.003974006e+01 +6.003974006e+01 +1.479397401e+02 +1.479397401e+02 +3.9428e+00 +1.4996e+00
2 +2.159936388e+00 +2.159936388e+00 +9.005993639e+01 +9.005993639e+01 -2.2627e+00 -2.7414e+00
9 +8.004254926e-01 +8.004254926e-01 +8.870042549e+01 +8.870042549e+01 -3.3915e+00 -2.4483e+00
109 +4.735360469e-02 +4.735360469e-02 +8.794735360e+01 +8.794735360e+01 -2.9489e+00 -1.5894e+00
603 +2.732873470e-02 +2.732873470e-02 +8.792732873e+01 +8.792732873e+01 -3.0104e+00 -1.5278e+00
"function evaluation" "noise-free fitness - Fopt (2.199800000000e+02)" "best noise-free fitness - Fopt" "measured fitness" "best measured fitness" "x1" "x2"
1 +2.224281655e+01 +2.224281655e+01 +2.422228166e+02 +2.422228166e+02 -1.8620e+00 -3.4913e-02
2 +3.345616550e+00 +3.345616550e+00 +2.233256165e+02 +2.233256165e+02 +2.2600e+00 -2.4005e+00
10 +1.085004533e+00 +1.085004533e+00 +2.210650045e+02 +2.210650045e+02 +2.1586e-01 -3.1124e+00
19 +2.229706831e-01 +2.229706831e-01 +2.202029707e+02 +2.202029707e+02 +1.2170e+00 -3.3225e+00
36 +1.478002268e-01 +1.478002268e-01 +2.201278002e+02 +2.201278002e+02 +8.1497e-01 -3.4414e+00
183 +7.166611558e-03 +7.166611558e-03 +2.199871666e+02 +2.199871666e+02 +9.5144e-01 -3.7780e+00
"function evaluation" "noise-free fitness - Fopt (-2.784000000000e+01)" "best noise-free fitness - Fopt" "measured fitness" "best measured fitness" "x1" "x2"
1 +3.486189436e+01 +3.486189436e+01 +7.021894357e+00 +7.021894357e+00 -1.0058e+00 -3.6282e+00
2 +1.233836214e+01 +1.233836214e+01 -1.550163786e+01 -1.550163786e+01 -3.7448e+00 +2.8378e+00
4 +6.614663180e-01 +6.614663180e-01 -2.717853368e+01 -2.717853368e+01 -2.1856e-02 +1.4624e+00
14 +1.188970736e-01 +1.188970736e-01 -2.772110293e+01 -2.772110293e+01 -6.0325e-01 +2.0998e+00
89 +2.252717314e-02 +2.252717314e-02 -2.781747283e+01 -2.781747283e+01 -1.7868e-01 +2.3381e+00
"function evaluation" "noise-free fitness - Fopt (2.027000000000e+01)" "best noise-free fitness - Fopt" "measured fitness" "best measured fitness" "x1" "x2"
1 +2.585193449e+01 +2.585193449e+01 +4.612193449e+01 +4.612193449e+01 +7.7464e-01 +3.4383e+00
2 +1.316079397e+01 +1.316079397e+01 +3.343079397e+01 +3.343079397e+01 +2.1248e+00 +2.3949e+00
3 +8.331757174e+00 +8.331757174e+00 +2.860175717e+01 +2.860175717e+01 +8.3569e-01 +7.5536e-01
10 +5.154535774e+00 +5.154535774e+00 +2.542453577e+01 +2.542453577e+01 +8.5843e-01 -1.7734e+00
29 +7.141335667e-01 +7.141335667e-01 +2.098413357e+01 +2.098413357e+01 +2.5926e+00 -1.8395e+00
69 +1.239346220e-01 +1.239346220e-01 +2.039393462e+01 +2.039393462e+01 +2.8470e+00 -1.4171e+00
158 +8.555687011e-02 +8.555687011e-02 +2.035555687e+01 +2.035555687e+01 +3.2482e+00 -1.3147e+00
285 +2.917066983e-02 +2.917066983e-02 +2.029917067e+01 +2.029917067e+01 +3.1937e+00 -1.1727e+00
491 +2.363724166e-02 +2.363724166e-02 +2.029363724e+01 +2.029363724e+01 +3.0375e+00 -1.2712e+00
"function evaluation" "noise-free fitness - Fopt (9.302900000000e+02)" "best noise-free fitness - Fopt" "measured fitness" "best measured fitness" "x1" "x2"
1 +7.333596066e-01 +7.333596066e-01 +9.310233596e+02 +9.310233596e+02 -1.0928e+00 -1.7382e+00
83 +3.697091392e-01 +3.697091392e-01 +9.306597091e+02 +9.306597091e+02 -2.1087e+00 -7.0117e-01
209 +9.952231438e-02 +9.952231438e-02 +9.303895223e+02 +9.303895223e+02 -1.8945e+00 -1.2209e+00
232 +4.203367566e-02 +4.203367566e-02 +9.303320337e+02 +9.303320337e+02 -1.6763e+00 -1.2614e+00
301 +3.339764875e-02 +3.339764875e-02 +9.303233976e+02 +9.303233976e+02 -1.7952e+00 -1.1185e+00
923 +1.539393319e-02 +1.539393319e-02 +9.303053939e+02 +9.303053939e+02 -1.6120e+00 -1.1878e+00
940 +2.201046968e-03 +2.201046968e-03 +9.302922010e+02 +9.302922010e+02 -1.5815e+00 -1.0383e+00
"function evaluation" "noise-free fitness - Fopt (7.786100000000e+02)" "best noise-free fitness - Fopt" "measured fitness" "best measured fitness" "x1" "x2"
1 +6.375528795e+00 +6.375528795e+00 +7.849855288e+02 +7.849855288e+02 -1.4341e+00 -3.0284e+00
32 +3.031011128e+00 +3.031011128e+00 +7.816410111e+02 +7.816410111e+02 -2.1430e+00 -3.3977e+00
38 +1.415310313e+00 +1.415310313e+00 +7.800253103e+02 +7.800253103e+02 -2.6432e+00 -3.8297e+00
212 +2.302123557e-02 +2.302123557e-02 +7.786330212e+02 +7.786330212e+02 -3.8264e+00 -3.9684e+00
815 +1.138913744e-02 +1.138913744e-02 +7.786213891e+02 +7.786213891e+02 -3.8002e+00 -3.7152e+00
"function evaluation" "noise-free fitness - Fopt (-2.051000000000e+01)" "best noise-free fitness - Fopt" "measured fitness" "best measured fitness" "x1" "x2"
1 +9.575303205e+00 +9.575303205e+00 -1.093469680e+01 -1.093469680e+01 -9.4615e-01 +3.7993e+00
8 +1.742345427e+00 +1.742345427e+00 -1.876765457e+01 -1.876765457e+01 -3.3088e+00 +3.1861e+00
10 +2.909555871e-01 +2.909555871e-01 -2.021904441e+01 -2.021904441e+01 -3.8572e+00 +1.6506e+00
172 +1.193249187e-01 +1.193249187e-01 -2.039067508e+01 -2.039067508e+01 -3.2266e+00 +1.5499e+00
766 +5.180966552e-02 +5.180966552e-02 -2.045819033e+01 -2.045819033e+01 -3.5429e+00 +1.7276e+00
"function evaluation" "noise-free fitness - Fopt (-1.000000000000e+03)" "best noise-free fitness - Fopt" "measured fitness" "best measured fitness" "x1" "x2"
1 +1.188527416e+01 +1.188527416e+01 -9.881147258e+02 -9.881147258e+02 -9.9381e-01 +1.8806e+00
4 +6.596178124e+00 +6.596178124e+00 -9.934038219e+02 -9.934038219e+02 +9.3255e-02 +3.5058e+00
6 +2.527244740e+00 +2.527244740e+00 -9.974727553e+02 -9.974727553e+02 +2.0403e+00 +8.5952e-01
8 +9.291243443e-01 +9.291243443e-01 -9.990708757e+02 -9.990708757e+02 +1.6869e+00 +1.7716e+00
23 +5.877692894e-01 +5.877692894e-01 -9.994122307e+02 -9.994122307e+02 +2.2868e+00 +3.1609e+00
73 +3.495783322e-02 +3.495783322e-02 -9.999650422e+02 -9.999650422e+02 +2.2292e+00 +2.4356e+00
101 +1.466261682e-02 +1.466261682e-02 -9.999853374e+02 -9.999853374e+02 +2.3446e+00 +2.3053e+00
326 +5.027952005e-03 +5.027952005e-03 -9.999949720e+02 -9.999949720e+02 +2.3639e+00 +2.3542e+00
673 +1.626828643e-03 +1.626828643e-03 -9.999983732e+02 -9.999983732e+02 +2.4357e+00 +2.3710e+00
"function evaluation" "noise-free fitness - Fopt (-1.730800000000e+02)" "best noise-free fitness - Fopt" "measured fitness" "best measured fitness" "x1" "x2"
1 +6.817439251e+00 +6.817439251e+00 -1.662625607e+02 -1.662625607e+02 -1.0058e+00 -3.6282e+00
3 +3.464103518e+00 +3.464103518e+00 -1.696158965e+02 -1.696158965e+02 -2.9413e+00 -1.8777e+00
5 +6.209283594e-01 +6.209283594e-01 -1.724590716e+02 -1.724590716e+02 -3.3065e+00 -2.8877e+00
21 +1.165564394e-02 +1.165564394e-02 -1.730683444e+02 -1.730683444e+02 -3.5496e+00 -3.6965e+00
"function evaluation" "noise-free fitness - Fopt (5.309000000000e+01)" "best noise-free fitness - Fopt" "measured fitness" "best measured fitness" "x1" "x2"
1 +3.393304474e+01 +3.393304474e+01 +8.702304474e+01 +8.702304474e+01 -3.1373e+00 +2.0490e+00
4 +1.435876687e+01 +1.435876687e+01 +6.744876687e+01 +6.744876687e+01 +2.2734e+00 -3.0722e+00
6 +4.599919195e+00 +4.599919195e+00 +5.768991920e+01 +5.768991920e+01 -2.7212e+00 -1.7834e+00
7 +2.119657033e+00 +2.119657033e+00 +5.520965703e+01 +5.520965703e+01 -2.8103e+00 -2.9301e+00
18 +2.742603825e-01 +2.742603825e-01 +5.336426038e+01 +5.336426038e+01 -1.1297e+00 -3.9203e+00
108 +7.955141252e-03 +7.955141252e-03 +5.309795514e+01 +5.309795514e+01 -1.4453e+00 -3.6163e+00
"function evaluation" "noise-free fitness - Fopt (-1.850700000000e+02)" "best noise-free fitness - Fopt" "measured fitness" "best measured fitness" "x1" "x2"
1 +4.979386115e-01 +4.979386115e-01 -1.845720614e+02 -1.845720614e+02 +7.6736e-01 +2.1908e+00
6 +3.077367773e-01 +3.077367773e-01 -1.847622632e+02 -1.847622632e+02 +1.0546e+00 +3.3929e+00
16 +6.768507142e-02 +6.768507142e-02 -1.850023149e+02 -1.850023149e+02 +6.6000e-01 +3.1081e+00
412 +5.190203366e-02 +5.190203366e-02 -1.850180980e+02 -1.850180980e+02 +5.8197e-01 +2.8858e+00
527 +3.887957225e-02 +3.887957225e-02 -1.850311204e+02 -1.850311204e+02 +6.2306e-01 +2.9591e+00
"function evaluation" "noise-free fitness - Fopt (-1.673500000000e+02)" "best noise-free fitness - Fopt" "measured fitness" "best measured fitness" "x1" "x2"
1 +5.852900407e+01 +5.852900407e+01 -1.088209959e+02 -1.088209959e+02 -3.7727e+00 +2.4017e+00
2 +2.476510496e+01 +2.476510496e+01 -1.425848950e+02 -1.425848950e+02 +3.7987e+00 +3.6689e+00
3 +1.553731873e+01 +1.553731873e+01 -1.518126813e+02 -1.518126813e+02 -7.4138e-01 +1.2593e-01
6 +3.425216573e+00 +3.425216573e+00 -1.639247834e+02 -1.639247834e+02 +1.1124e+00 -1.0924e+00
12 +2.547198446e-01 +2.547198446e-01 -1.670952802e+02 -1.670952802e+02 +3.4561e+00 -1.3147e+00
25 +1.164586561e-01 +1.164586561e-01 -1.672335413e+02 -1.672335413e+02 +3.1842e+00 -1.4912e+00
811 +4.419022613e-02 +4.419022613e-02 -1.673058098e+02 -1.673058098e+02 +2.8240e+00 -1.3983e+00
911 +3.107744641e-02 +3.107744641e-02 -1.673189226e+02 -1.673189226e+02 +2.7833e+00 -1.2627e+00
"function evaluation" "noise-free fitness - Fopt (-2.733000000000e+01)" "best noise-free fitness - Fopt" "measured fitness" "best measured fitness" "x1" "x2"
1 +6.274997118e-01 +6.274997118e-01 -2.670250029e+01 -2.670250029e+01 +2.7253e+00 +3.7125e+00
37 +3.921752765e-01 +3.921752765e-01 -2.693782472e+01 -2.693782472e+01 +2.2085e+00 +2.4443e+00
275 +5.374881951e-03 +5.374881951e-03 -2.732462512e+01 -2.732462512e+01 +2.2868e+00 +2.9981e+00
"function evaluation" "noise-free fitness - Fopt (-2.655800000000e+02)" "best noise-free fitness - Fopt" "measured fitness" "best measured fitness" "x1" "x2"
1 +8.695205382e+00 +8.695205382e+00 -2.568847946e+02 -2.568847946e+02 +1.4434e+00 +1.8951e+00
3 +2.555737309e+00 +2.555737309e+00 -2.630242627e+02 -2.630242627e+02 +1.2331e-01 +1.3493e+00
7 +1.134056105e+00 +1.134056105e+00 -2.644459439e+02 -2.644459439e+02 -2.5123e+00 +1.6803e+00
30 +1.930124527e-01 +1.930124527e-01 -2.653869875e+02 -2.653869875e+02 -1.7659e+00 +1.7794e+00
138 +6.880424912e-02 +6.880424912e-02 -2.655111958e+02 -2.655111958e+02 -1.4114e+00 +1.7080e+00
380 +3.460575175e-02 +3.460575175e-02 -2.655453942e+02 -2.655453942e+02 -1.6152e+00 +1.5715e+00
"function evaluation" "noise-free fitness - Fopt (-5.595000000000e+01)" "best noise-free fitness - Fopt" "measured fitness" "best measured fitness" "x1" "x2"
1 +1.739157630e+01 +1.739157630e+01 -3.855842370e+01 -3.855842370e+01 -2.1638e+00 +2.6127e+00
2 +1.543173193e+01 +1.543173193e+01 -4.051826807e+01 -4.051826807e+01 -2.7018e+00 +4.5659e-01
4 +1.287919082e+00 +1.287919082e+00 -5.466208092e+01 -5.466208092e+01 +1.4600e+00 +1.2779e+00
45 +9.704672722e-01 +9.704672722e-01 -5.497953273e+01 -5.497953273e+01 +8.0554e-01 +1.0651e+00
52 +1.302660509e-01 +1.302660509e-01 -5.581973395e+01 -5.581973395e+01 +1.5729e+00 +1.1562e-01
244 +1.302224641e-02 +1.302224641e-02 -5.593697775e+01 -5.593697775e+01 +1.3196e+00 +2.1746e-01
"function evaluation" "noise-free fitness - Fopt (8.746000000000e+01)" "best noise-free fitness - Fopt" "measured fitness" "best measured fitness" "x1" "x2"
1 +5.068446513e+00 +5.068446513e+00 +9.252844651e+01 +9.252844651e+01 -2.0357e-01 +1.8546e+00
2 +1.215153583e+00 +1.215153583e+00 +8.867515358e+01 +8.867515358e+01 -2.4353e+00 -4.3285e-01
27 +6.995389103e-01 +6.995389103e-01 +8.815953891e+01 +8.815953891e+01 -7.1237e-01 +4.2298e-01
35 +1.651072653e-01 +1.651072653e-01 +8.762510727e+01 +8.762510727e+01 -1.7551e+00 -2.5098e-01
159 +5.420535782e-02 +5.420535782e-02 +8.751420536e+01 +8.751420536e+01 -1.3819e+00 +1.8006e-01
218 +1.134388305e-02 +1.134388305e-02 +8.747134388e+01 +8.747134388e+01 -1.4215e+00 -1.5648e-01
"function evaluation" "noise-free fitness - Fopt (-6.545000000000e+01)" "best noise-free fitness - Fopt" "measured fitness" "best measured fitness" "x1" "x2"
1 +1.984028203e+01 +1.984028203e+01 -4.560971797e+01 -4.560971797e+01 -1.8518e+00 -1.7514e+00
4 +1.457096433e+01 +1.457096433e+01 -5.087903567e+01 -5.087903567e+01 +5.7585e-01 -1.2244e+00
8 +7.439160691e+00 +7.439160691e+00 -5.801083931e+01 -5.801083931e+01 -2.1823e+00 +3.8967e-01
11 +3.623155033e+00 +3.623155033e+00 -6.182684497e+01 -6.182684497e+01 -2.3091e+00 +2.3281e+00
12 +2.155340779e+00 +2.155340779e+00 -6.329465922e+01 -6.329465922e+01 +8.2971e-02 +3.8459e+00
14 +1.192320878e+00 +1.192320878e+00 -6.425767912e+01 -6.425767912e+01 -1.2683e+00 +3.1388e+00
15 +7.209565435e-03 +7.209565435e-03 -6.544279043e+01 -6.544279043e+01 -4.9396e-01 +2.4783e+00
"function evaluation" "noise-free fitness - Fopt (-5.761000000000e+01)" "best noise-free fitness - Fopt" "measured fitness" "best measured fitness" "x1" "x2"
1 +3.671135520e+00 +3.671135520e+00 -5.393886448e+01 -5.393886448e+01 -2.4639e+00 +2.6715e+00
6 +7.788454177e-02 +7.788454177e-02 -5.753211546e+01 -5.753211546e+01 -3.9464e+00 +1.0582e+00
311 +3.783524413e-03 +3.783524413e-03 -5.760621648e+01 -5.760621648e+01 -3.8022e+00 +1.3520e+00
"function evaluation" "noise-free fitness - Fopt (-2.116000000000e+02)" "best noise-free fitness - Fopt" "measured fitness" "best measured fitness" "x1" "x2"
1 +1.343978308e+01 +1.343978308e+01 -1.981602169e+02 -1.981602169e+02 -1.3695e+00 +7.1632e-01
2 +1.298567488e+00 +1.298567488e+00 -2.103014325e+02 -2.103014325e+02 +3.4350e+00 +6.8810e-01
23 +2.622338611e-01 +2.622338611e-01 -2.113377661e+02 -2.113377661e+02 +2.8006e+00 +7.4015e-01
108 +9.617933720e-03 +9.617933720e-03 -2.115903821e+02 -2.115903821e+02 +2.3509e+00 +7.3407e-01
"function evaluation" "noise-free fitness - Fopt (-1.188600000000e+02)" "best noise-free fitness - Fopt" "measured fitness" "best measured fitness" "x1" "x2"
1 +3.768527516e+00 +3.768527516e+00 -1.150914725e+02 -1.150914725e+02 +9.6842e-01 -1.9340e+00
3 +1.134310835e+00 +1.134310835e+00 -1.177256892e+02 -1.177256892e+02 +1.1617e+00 +4.9689e-02
19 +5.756234164e-01 +5.756234164e-01 -1.182843766e+02 -1.182843766e+02 +6.4065e-01 +3.6846e-01
22 +3.449602538e-02 +3.449602538e-02 -1.188255040e+02 -1.188255040e+02 -5.8132e-02 -2.2658e-01
506 +2.446924100e-02 +2.446924100e-02 -1.188355308e+02 -1.188355308e+02 +2.3675e-01 -7.8811e-02
726 +1.410009586e-03 +1.410009586e-03 -1.188585900e+02 -1.188585900e+02 +1.3054e-01 -1.4958e-01
"function evaluation" "noise-free fitness - Fopt (1.830100000000e+02)" "best noise-free fitness - Fopt" "measured fitness" "best measured fitness" "x1" "x2"
1 +2.939054786e-01 +2.939054786e-01 +1.833039055e+02 +1.833039055e+02 -2.4639e+00 +2.6715e+00
109 +1.343169183e-01 +1.343169183e-01 +1.831443169e+02 +1.831443169e+02 -2.4088e+00 +2.8585e+00
434 +5.678901418e-02 +5.678901418e-02 +1.830667890e+02 +1.830667890e+02 -2.2115e+00 +3.3292e+00
823 +1.399693728e-02 +1.399693728e-02 +1.830239969e+02 +1.830239969e+02 -2.2543e+00 +3.1043e+00
"function evaluation" "noise-free fitness - Fopt (1.835200000000e+02)" "best noise-free fitness - Fopt" "measured fitness" "best measured fitness" "x1" "x2"
1 +3.850637072e+00 +3.850637072e+00 +1.873706371e+02 +1.873706371e+02 +4.7111e-01 -2.0422e+00
20 +1.170190886e+00 +1.170190886e+00 +1.846901909e+02 +1.846901909e+02 +2.3172e-01 -2.8899e+00
44 +4.823656898e-01 +4.823656898e-01 +1.840023657e+02 +1.840023657e+02 +3.6646e-01 -3.3656e+00
191 +2.694688589e-01 +2.694688589e-01 +1.837894689e+02 +1.837894689e+02 -3.1012e-01 -3.5101e+00
296 +7.925256567e-03 +7.925256567e-03 +1.835279253e+02 +1.835279253e+02 -8.3344e-04 -3.8550e+00
"function evaluation" "noise-free fitness - Fopt (-5.938400000000e+02)" "best noise-free fitness - Fopt" "measured fitness" "best measured fitness" "x1" "x2"
1 +1.972587806e+01 +1.972587806e+01 -5.741141219e+02 -5.741141219e+02 +1.3056e+00 +2.2644e+00
4 +9.650287428e+00 +9.650287428e+00 -5.841897126e+02 -5.841897126e+02 -1.9307e+00 +3.1345e+00
5 +2.316303864e+00 +2.316303864e+00 -5.915236961e+02 -5.915236961e+02 -3.1422e+00 +1.5045e+00
20 +9.080533887e-01 +9.080533887e-01 -5.929319466e+02 -5.929319466e+02 -1.9399e+00 -6.2079e-01
51 +2.200958950e-01 +2.200958950e-01 -5.936199041e+02 -5.936199041e+02 -2.1005e+00 +1.0080e-01
130 +2.156805261e-02 +2.156805261e-02 -5.938184319e+02 -5.938184319e+02 -2.5707e+00 -5.2457e-02
"function evaluation" "noise-free fitness - Fopt (-1.000000000000e+03)" "best noise-free fitness - Fopt" "measured fitness" "best measured fitness" "x1" "x2"
1 +6.424955068e+01 +6.424955068e+01 -9.357504493e+02 -9.357504493e+02 +2.2003e+00 -1.4128e+00
2 +6.003797547e+01 +6.003797547e+01 -9.399620245e+02 -9.399620245e+02 +3.8484e+00 +2.9164e+00
4 +3.529641493e+01 +3.529641493e+01 -9.647035851e+02 -9.647035851e+02 -7.3928e-01 -1.2130e+00
8 +4.654748748e-01 +4.654748748e-01 -9.995345251e+02 -9.995345251e+02 -3.1655e+00 +3.7737e+00
49 +2.495660700e-01 +2.495660700e-01 -9.997504339e+02 -9.997504339e+02 -3.5004e+00 +3.4894e+00
347 +7.587405452e-02 +7.587405452e-02 -9.999241259e+02 -9.999241259e+02 -3.9025e+00 +3.5838e+00
367 +1.875099331e-02 +1.875099331e-02 -9.999812490e+02 -9.999812490e+02 -3.7671e+00 +3.7390e+00
"function evaluation" "noise-free fitness - Fopt (-2.531000000000e+01)" "best noise-free fitness - Fopt" "measured fitness" "best measured fitness" "x1" "x2"
1 +3.257232257e+01 +3.257232257e+01 +7.262322567e+00 +7.262322567e+00 -2.1638e+00 +2.6127e+00
4 +9.119842633e+00 +9.119842633e+00 -1.619015737e+01 -1.619015737e+01 +1.4600e+00 +1.2779e+00
16 +1.768196348e+00 +1.768196348e+00 -2.354180365e+01 -2.354180365e+01 +2.1472e+00 +3.3858e+00
26 +2.551078772e-01 +2.551078772e-01 -2.505489212e+01 -2.505489212e+01 +3.0415e+00 +3.2635e+00
165 +1.457076453e-01 +1.457076453e-01 -2.516429235e+01 -2.516429235e+01 +3.1183e+00 +3.3817e+00
455 +9.880060857e-02 +9.880060857e-02 -2.521119939e+01 -2.521119939e+01 +3.6664e+00 +3.2883e+00
913 +2.795698486e-03 +2.795698486e-03 -2.530720430e+01 -2.530720430e+01 +3.4490e+00 +3.4838e+00
"function evaluation" "noise-free fitness - Fopt (2.228000000000e+01)" "best noise-free fitness - Fopt" "measured fitness" "best measured fitness" "x1" "x2"
1 +7.525950432e-01 +7.525950432e-01 +2.303259504e+01 +2.303259504e+01 +2.2003e+00 -1.4128e+00
46 +3.324758108e-01 +3.324758108e-01 +2.261247581e+01 +2.261247581e+01 +8.5308e-01 -1.9153e+00
105 +1.793334311e-01 +1.793334311e-01 +2.245933343e+01 +2.245933343e+01 +9.9335e-01 -1.8351e+00
126 +1.375233771e-01 +1.375233771e-01 +2.241752338e+01 +2.241752338e+01 +1.7782e+00 -1.7133e+00
232 +8.998915730e-02 +8.998915730e-02 +2.236998916e+01 +2.236998916e+01 +1.6284e+00 -1.9853e+00
935 +2.666315268e-02 +2.666315268e-02 +2.230666315e+01 +2.230666315e+01 +1.5257e+00 -1.8948e+00
"function evaluation" "noise-free fitness - Fopt (3.561400000000e+02)" "best noise-free fitness - Fopt" "measured fitness" "best measured fitness" "x1" "x2"
1 +7.328636546e+00 +7.328636546e+00 +3.634686365e+02 +3.634686365e+02 +3.5748e+00 -2.2128e+00
2 +1.078632858e+00 +1.078632858e+00 +3.572186329e+02 +3.572186329e+02 +7.9585e-01 +2.7499e-01
35 +2.936062749e-01 +2.936062749e-01 +3.564336063e+02 +3.564336063e+02 +1.2655e+00 -1.0311e+00
215 +1.607659194e-01 +1.607659194e-01 +3.563007659e+02 +3.563007659e+02 +1.0872e+00 -6.7628e-01
221 +1.534469199e-01 +1.534469199e-01 +3.562934469e+02 +3.562934469e+02 +1.1855e+00 -8.0582e-01
686 +7.582690036e-02 +7.582690036e-02 +3.562158269e+02 +3.562158269e+02 +1.6999e+00 -3.9253e-01
739 +4.833438033e-02 +4.833438033e-02 +3.561883344e+02 +3.561883344e+02 +1.6118e+00 -6.8228e-01
"function evaluation" "noise-free fitness - Fopt (-4.757000000000e+02)" "best noise-free fitness - Fopt" "measured fitness" "best measured fitness" "x1" "x2"
1 +1.911060880e+01 +1.911060880e+01 -4.565893912e+02 -4.565893912e+02 +3.3154e+00 -1.8331e+00
2 +1.339578792e+01 +1.339578792e+01 -4.623042121e+02 -4.623042121e+02 +1.1204e+00 +2.6533e+00
3 +6.390465656e+00 +6.390465656e+00 -4.693095343e+02 -4.693095343e+02 -3.3486e+00 -2.3108e-01
4 +3.227134333e+00 +3.227134333e+00 -4.724728657e+02 -4.724728657e+02 +8.9093e-01 -9.6064e-01
6 +1.108472044e+00 +1.108472044e+00 -4.745915280e+02 -4.745915280e+02 -7.4205e-01 +6.0519e-01
43 +9.192381789e-01 +9.192381789e-01 -4.747807618e+02 -4.747807618e+02 -8.0469e-01 +5.1445e-01
53 +1.936959927e-01 +1.936959927e-01 -4.755063040e+02 -4.755063040e+02 -1.2652e+00 -3.8109e-01
87 +6.925863530e-02 +6.925863530e-02 -4.756307414e+02 -4.756307414e+02 -8.3032e-01 -7.0717e-01
259 +5.682833189e-02 +5.682833189e-02 -4.756431717e+02 -4.756431717e+02 -7.1805e-01 -2.3332e-01
"function evaluation" "noise-free fitness - Fopt (-1.000000000000e+03)" "best noise-free fitness - Fopt" "measured fitness" "best measured fitness" "x1" "x2"
1 +7.744816540e+00 +7.744816540e+00 -9.922551835e+02 -9.922551835e+02 -1.0696e+00 +3.8474e+00
24 +2.306450590e+00 +2.306450590e+00 -9.976935494e+02 -9.976935494e+02 -2.3927e+00 +3.8866e+00
107 +1.088895579e-02 +1.088895579e-02 -9.999891110e+02 -9.999891110e+02 -3.7827e+00 +3.4241e+00
"function evaluation" "noise-free fitness - Fopt (-4.158000000000e+01)" "best noise-free fitness - Fopt" "measured fitness" "best measured fitness" "x1" "x2"
1 +2.563140456e+01 +2.563140456e+01 -1.594859544e+01 -1.594859544e+01 -2.7352e+00 -9.5821e-01
2 +1.977799501e+00 +1.977799501e+00 -3.960220050e+01 -3.960220050e+01 -8.0667e-01 +2.7765e+00
14 +3.169394067e-01 +3.169394067e-01 -4.126306059e+01 -4.126306059e+01 +5.2937e-01 +3.4116e+00
56 +9.029388076e-02 +9.029388076e-02 -4.148970612e+01 -4.148970612e+01 +4.0215e-01 +2.6246e+00
977 +4.928190472e-02 +4.928190472e-02 -4.153071810e+01 -4.153071810e+01 +8.1865e-01 +2.8324e+00
