"function evaluation" "noise-free fitness - Fopt (7.948000000000e+01)" "best noise-free fitness - Fopt" "measured fitness" "best measured fitness" "x1" "x2"
1 +4.933087254e+01 +4.933087254e+01 +1.288108725e+02 +1.288108725e+02 +1.3389e+00 +1.7630e+00 -6.0732e-01 +2.6875e+00 +3.5669e+00
3 +1.264143514e+01 +1.264143514e+01 +9.212143514e+01 +9.212143514e+01 +2.3293e+00 +1.2327e+00 -9.6153e-01 +1.4881e+00 -1.1409e+00
6 +7.828237580e+00 +7.828237580e+00 +8.730823758e+01 +8.730823758e+01 +1.9684e+00 +8.9749e-01 +1.9216e-02 +1.6012e+00 -2.7622e+00
61 +3.258800703e+00 +3.258800703e+00 +8.273880070e+01 +8.273880070e+01 +1.6141e+00 -1.7820e+00 -1.5929e+00 +2.2630e+00 -2.2981e+00
616 +2.432049388e+00 +2.432049388e+00 +8.191204939e+01 +8.191204939e+01 -1.3876e-01 -1.4241e+00 -2.1511e+00 +1.8901e+00 -3.0922e+00
"function evaluation" "noise-free fitness - Fopt (3.944800000000e+02)" "best noise-free fitness - Fopt" "measured fitness" "best measured fitness" "x1" "x2"
1 +5.265644295e+01 +5.265644295e+01 +4.471364429e+02 +4.471364429e+02 -7.8488e-01 +8.5120e-01 -1.0202e+00 -6.9228e-01 +1.1449e+00
9 +3.360836191e+01 +3.360836191e+01 +4.280883619e+02 +4.280883619e+02 -2.5051e+00 -1.3842e+00 -2.0156e+00 -1.1756e+00 +1.4813e+00
41 +1.998098748e+01 +1.998098748e+01 +4.144609875e+02 +4.144609875e+02 -3.1554e+00 +1.3751e+00 -3.3817e+00 +3.6395e+00 +1.8524e+00
55 +3.753141386e+00 +3.753141386e+00 +3.982331414e+02 +3.982331414e+02 -2.3885e+00 -3.5883e+00 -3.1915e+00 +3.1372e+00 +1.0097e+00
"function evaluation" "noise-free fitness - Fopt (-2.471100000000e+02)" "best noise-free fitness - Fopt" "measured fitness" "best measured fitness" "x1" "x2"
1 +7.119788270e+01 +7.119788270e+01 -1.759121173e+02 -1.759121173e+02 +6.1616e-01 +2.0689e-01 -1.5161e+00 +3.1485e-01 +2.8152e+00
2 +2.731101662e+01 +2.731101662e+01 -2.197989834e+02 -2.197989834e+02 -1.9674e+00 +2.4799e+00 -4.3714e-01 +5.4320e-01 -3.9827e+00
8 +1.587531039e+01 +1.587531039e+01 -2.312346896e+02 -2.312346896e+02 -1.8849e+00 +2.2269e+00 +1.3443e+00 -1.7080e+00 -3.3050e+00
26 +1.540882274e+01 +1.540882274e+01 -2.317011773e+02 -2.317011773e+02 -2.7758e+00 +3.3934e+00 +5.7241e-01 -2.2760e+00 -3.8649e+00
76 +8.192010134e+00 +8.192010134e+00 -2.389179899e+02 -2.389179899e+02 -3.2771e+00 +2.4095e-01 +1.3401e+00 -2.7349e+00 -1.4027e+00
211 +3.849645797e+00 +3.849645797e+00 -2.432603542e+02 -2.432603542e+02 -3.3745e+00 -5.1689e-01 -2.0670e+00 -3.6790e+00 -1.9774e+00
"function evaluation" "noise-free fitness - Fopt (-1.520400000000e+02)" "best noise-free fitness - Fopt" "measured fitness" "best measured fitness" "x1" "x2"
1 +6.030578648e+01 +6.030578648e+01 -9.173421352e+01 -9.173421352e+01 -1.4311e+00 +1.9166e+00 -8.4958e-01 -3.6501e+00 +3.4155e+00
9 +3.488712733e+01 +3.488712733e+01 -1.171528727e+02 -1.171528727e+02 +1.7238e+00 +1.6209e+00 -5.7654e-01 +2.4879e+00 -1.9419e+00
18 +1.243696354e+01 +1.243696354e+01 -1.396030365e+02 -1.396030365e+02 +1.4260e-01 -1.0453e+00 -2.3035e+00 +1.5048e+00 +2.9953e+00
33 +4.165295428e+00 +4.165295428e+00 -1.478747046e+02 -1.478747046e+02 -5.0305e-01 +3.2043e+00 -3.8903e+00 +2.6739e+00 +3.1615e+00
"function evaluation" "noise-free fitness - Fopt (-2.525000000000e+01)" "best noise-free fitness - Fopt" "measured fitness" "best measured fitness" "x1" "x2"
1 +1.550299537e+01 +1.550299537e+01 -9.747004633e+00 -9.747004633e+00 +6.1616e-01 +2.0689e-01 -1.5161e+00 +3.1485e-01 +2.8152e+00
20 +8.549077470e+00 +8.549077470e+00 -1.670092253e+01 -1.670092253e+01 +3.2380e+00 +7.6340e-01 +1.3227e+00 -1.3154e+00 +2.8986e+00
373 +2.894858833e+00 +2.894858833e+00 -2.235514117e+01 -2.235514117e+01 +3.4774e+00 -1.7845e-01 -7.1889e-01 -1.8244e+00 +2.0270e+00
"function evaluation" "noise-free fitness - Fopt (-2.017200000000e+02)" "best noise-free fitness - Fopt" "measured fitness" "best measured fitness" "x1" "x2"
1 +9.703854760e+01 +9.703854760e+01 -1.046814524e+02 -1.046814524e+02 +1.8553e+00 +3.0667e+00 -3.9901e+00 -2.2432e+00 -2.5078e+00
2 +3.124173018e+00 +3.124173018e+00 -1.985958270e+02 -1.985958270e+02 -2.8135e+00 -3.9761e+00 -9.4258e-01 +2.2143e+00 +1.8550e+00
475 +1.583589076e+00 +1.583589076e+00 -2.001364109e+02 -2.001364109e+02 -1.6258e+00 -3.9065e+00 -8.6568e-01 +1.7768e+00 +2.4854e+00
"function evaluation" "noise-free fitness - Fopt (-1.000000000000e+03)" "best noise-free fitness - Fopt" "measured fitness" "best measured fitness" "x1" "x2"
1 +5.033440600e+01 +5.033440600e+01 -9.496655940e+02 -9.496655940e+02 -1.4313e+00 -1.7855e+00 +8.5609e-01 -1.3440e+00 -2.8467e+00
2 +1.889937663e+01 +1.889937663e+01 -9.811006234e+02 -9.811006234e+02 -6.4134e-02 +1.5900e+00 +4.1353e-01 -3.8735e+00 +2.3407e+00
15 +1.344411488e+01 +1.344411488e+01 -9.865558851e+02 -9.865558851e+02 -7.5546e-01 -2.0279e+00 +2.6477e+00 -4.6369e-01 +3.6238e+00
100 +7.755907905e+00 +7.755907905e+00 -9.922440921e+02 -9.922440921e+02 -1.9317e+00 -7.5669e-01 -1.0472e+00 -1.5491e+00 +3.7598e+00
255 +4.660201828e+00 +4.660201828e+00 -9.953397982e+02 -9.953397982e+02 -1.6531e-01 +1.5231e+00 +1.1869e+00 +1.1012e+00 +3.9189e+00
285 +2.661520435e+00 +2.661520435e+00 -9.973384796e+02 -9.973384796e+02 +4.3571e-01 -1.3240e-01 -1.2811e+00 -7.3766e-01 +3.0168e+00
"function evaluation" "noise-free fitness - Fopt (-4.290000000000e+01)" "best noise-free fitness - Fopt" "measured fitness" "best measured fitness" "x1" "x2"
1 +7.237635452e+01 +7.237635452e+01 +2.947635452e+01 +2.947635452e+01 -2.5162e+00 -1.3209e+00 -3.5563e-01 +2.7532e+00 -1.7228e+00
2 +1.659271991e+01 +1.659271991e+01 -2.630728009e+01 -2.630728009e+01 +2.4931e+00 +3.6283e+00 +3.6223e+00 -9.3628e-01 +1.2482e+00
9 +8.813748687e+00 +8.813748687e+00 -3.408625131e+01 -3.408625131e+01 +8.7312e-01 +2.1537e+00 +1.6888e+00 -3.1212e-01 -1.8832e+00
316 +4.165846661e+00 +4.165846661e+00 -3.873415334e+01 -3.873415334e+01 +2.4600e+00 +1.0419e+00 +3.0380e+00 -5.0906e-01 -3.8122e+00
689 +7.829637045e-01 +7.829637045e-01 -4.211703630e+01 -4.211703630e+01 +3.1184e+00 +2.6365e+00 +3.2479e+00 -6.9618e-01 -2.9206e+00
"function evaluation" "noise-free fitness - Fopt (-1.013200000000e+02)" "best noise-free fitness - Fopt" "measured fitness" "best measured fitness" "x1" "x2"
1 +3.534048765e+01 +3.534048765e+01 -6.597951235e+01 -6.597951235e+01 +9.0253e-02 +1.4923e+00 -1.6177e-01 +1.3622e+00 -5.3955e-01
13 +6.997204384e+00 +6.997204384e+00 -9.432279562e+01 -9.432279562e+01 +1.2317e+00 +1.0752e+00 +1.0980e-01 -2.3804e+00 -3.2267e+00
103 +5.111462540e+00 +5.111462540e+00 -9.620853746e+01 -9.620853746e+01 +1.8290e+00 +1.8246e+00 +2.9995e+00 -2.7869e+00 -1.4118e+00
309 +3.756710219e+00 +3.756710219e+00 -9.756328978e+01 -9.756328978e+01 +9.4099e-01 +3.3740e+00 +2.9258e+00 -2.2656e+00 -2.0561e+00
675 +1.941893360e+00 +1.941893360e+00 -9.937810664e+01 -9.937810664e+01 +9.5071e-01 +2.2803e+00 +2.2995e+00 -2.0634e+00 -2.9935e+00
"function evaluation" "noise-free fitness - Fopt (3.650000000000e+00)" "best noise-free fitness - Fopt" "measured fitness" "best measured fitness" "x1" "x2"
1 +6.567772006e+01 +6.567772006e+01 +6.932772006e+01 +6.932772006e+01 -3.9993e+00 -2.0008e+00 +1.8770e+00 +1.1772e+00 +3.9159e+00
2 +3.474223349e+01 +3.474223349e+01 +3.839223349e+01 +3.839223349e+01 +2.4597e-01 +3.1199e+00 +2.9884e+00 +2.1395e+00 -1.6104e+00
9 +1.130933181e+01 +1.130933181e+01 +1.495933181e+01 +1.495933181e+01 -1.8120e+00 +1.4267e-01 -3.7134e-01 +2.9960e+00 -1.7049e+00
24 +7.485375130e+00 +7.485375130e+00 +1.113537513e+01 +1.113537513e+01 +8.8504e-01 -1.8492e+00 +2.8818e+00 +2.3317e+00 -2.1345e+00
145 +2.893519655e+00 +2.893519655e+00 +6.543519655e+00 +6.543519655e+00 +1.4061e-01 -2.3244e+00 -7.5405e-01 +3.1353e+00 -3.0553e+00
"function evaluation" "noise-free fitness - Fopt (2.205300000000e+02)" "best noise-free fitness - Fopt" "measured fitness" "best measured fitness" "x1" "x2"
1 +7.972678475e+01 +7.972678475e+01 +3.002567848e+02 +3.002567848e+02 -1.4411e+00 +2.9678e+00 -1.1525e+00 +2.0957e+00 +1.2063e+00
2 +4.044567333e+01 +4.044567333e+01 +2.609756733e+02 +2.609756733e+02 -3.1409e-01 -1.3074e+00 +1.4869e+00 +1.9002e+00 -8.9548e-01
5 +1.231734776e+01 +1.231734776e+01 +2.328473478e+02 +2.328473478e+02 +2.3510e-01 -2.0061e+00 +6.5387e-01 -6.1126e-01 +2.8114e+00
35 +2.390351097e+00 +2.390351097e+00 +2.229203511e+02 +2.229203511e+02 +2.6543e+00 -3.3075e+00 +1.6264e+00 +6.8859e-01 +2.4254e+00
"function evaluation" "noise-free fitness - Fopt (4.212900000000e+02)" "best noise-free fitness - Fopt" "measured fitness" "best measured fitness" "x1" "x2"
1 +3.956343926e+01 +3.956343926e+01 +4.608534393e+02 +4.608534393e+02 +8.3403e-01 +1.6920e+00 -3.0335e-01 -1.2183e+00 -3.5644e+00
10 +6.418948444e+00 +6.418948444e+00 +4.277089484e+02 +4.277089484e+02 -3.9187e+00 +2.5091e+00 +2.3236e+00 -3.2644e+00 +1.5001e+00
24 +5.842088624e+00 +5.842088624e+00 +4.271320886e+02 +4.271320886e+02 -2.7354e+00 +2.8663e+00 +1.3793e+00 -2.1547e+00 +1.3484e+00
277 +3.302999882e+00 +3.302999882e+00 +4.245929999e+02 +4.245929999e+02 -3.8647e+00 +3.3185e+00 +2.1308e+00 -3.9000e+00 -1.6077e+00
"function evaluation" "noise-free fitness - Fopt (-7.900000000000e+01)" "best noise-free fitness - Fopt" "measured fitness" "best measured fitness" "x1" "x2"
1 +5.927189297e+01 +5.927189297e+01 -1.972810703e+01 -1.972810703e+01 +3.6678e+00 -7.3855e-01 -1.0777e+00 -2.1505e+00 -2.6614e+00
2 +8.278554324e+00 +8.278554324e+00 -7.072144568e+01 -7.072144568e+01 -2.8149e+00 +2.0132e+00 +2.9043e-01 -1.2465e+00 -1.7348e+00
100 +6.291569783e+00 +6.291569783e+00 -7.270843022e+01 -7.270843022e+01 -1.8455e+00 +1.3311e+00 +2.0302e+00 -9.5490e-01 -3.2199e+00
205 +3.569514600e+00 +3.569514600e+00 -7.543048540e+01 -7.543048540e+01 -3.8401e+00 +3.3941e-01 -7.6617e-01 +1.2056e+00 -3.5503e+00
789 +1.837501880e+00 +1.837501880e+00 -7.716249812e+01 -7.716249812e+01 -3.9307e+00 +2.0364e+00 -6.5895e-03 +1.2931e-01 -3.9827e+00
"function evaluation" "noise-free fitness - Fopt (-4.133000000000e+01)" "best noise-free fitness - Fopt" "measured fitness" "best measured fitness" "x1" "x2"
1 +4.630687576e+01 +4.630687576e+01 +4.976875758e+00 +4.976875758e+00 -2.5162e+00 -1.3209e+00 -3.5563e-01 +2.7532e+00 -1.7228e+00
3 +3.493817765e+01 +3.493817765e+01 -6.391822350e+00 -6.391822350e+00 +3.3019e+00 -5.1533e-01 +3.7416e+00 -8.9920e-01 +6.6780e-01
4 +6.852013329e+00 +6.852013329e+00 -3.447798667e+01 -3.447798667e+01 -7.3373e-01 -2.9700e+00 -1.9019e+00 -5.7754e-02 +2.5641e+00
29 +2.508555886e+00 +2.508555886e+00 -3.882144411e+01 -3.882144411e+01 +5.0353e-01 -1.8204e+00 -8.0685e-01 -4.9963e-01 +3.7478e+00
"function evaluation" "noise-free fitness - Fopt (2.127500000000e+02)" "best noise-free fitness - Fopt" "measured fitness" "best measured fitness" "x1" "x2"
1 +9.812269970e+01 +9.812269970e+01 +3.108726997e+02 +3.108726997e+02 +1.3389e+00 +1.7630e+00 -6.0732e-01 +2.6875e+00 +3.5669e+00
5 +4.058402886e+01 +4.058402886e+01 +2.533340289e+02 +2.533340289e+02 -3.4535e+00 +1.9525e+00 -2.0229e+00 +2.2028e+00 -3.8005e+00
17 +3.744909205e+01 +3.744909205e+01 +2.501990921e+02 +2.501990921e+02 -2.3834e+00 +2.3979e+00 -5.8271e-01 -2.0112e-02 -1.4479e+00
24 +2.358207926e+01 +2.358207926e+01 +2.363320793e+02 +2.363320793e+02 -1.9363e+00 -1.1217e+00 +6.7512e-01 -6.9781e-01 -2.5558e+00
30 +9.585328495e+00 +9.585328495e+00 +2.223353285e+02 +2.223353285e+02 -3.2398e+00 -3.5709e+00 -8.4239e-01 -1.8308e+00 -3.1998e-01
96 +3.000307972e+00 +3.000307972e+00 +2.157503080e+02 +2.157503080e+02 -3.5010e+00 -2.1507e+00 -2.5708e+00 -2.7707e+00 -1.6000e+00
961 +1.248853849e+00 +1.248853849e+00 +2.139988538e+02 +2.139988538e+02 -3.4145e+00 -1.9672e+00 -3.4003e+00 -1.5742e+00 -9.5925e-01
"function evaluation" "noise-free fitness - Fopt (6.480000000000e+00)" "best noise-free fitness - Fopt" "measured fitness" "best measured fitness" "x1" "x2"
1 +3.463802852e+01 +3.463802852e+01 +4.111802852e+01 +4.111802852e+01 +2.5642e+00 -3.1397e+00 -2.3839e+00 -2.7106e+00 +3.8787e+00
6 +2.244411257e+01 +2.244411257e+01 +2.892411257e+01 +2.892411257e+01 +2.4666e-01 -2.1605e+00 +3.6245e-01 -1.0142e+00 +1.6425e+00
14 +1.309154395e+01 +1.309154395e+01 +1.957154395e+01 +1.957154395e+01 +2.3092e+00 -2.8035e+00 -8.0741e-01 +3.6516e+00 +3.2497e+00
35 +4.431156656e+00 +4.431156656e+00 +1.091115666e+01 +1.091115666e+01 +3.5715e+00 -2.4833e+00 -3.5568e-01 +2.4986e+00 +8.0219e-01
635 +2.567569739e+00 +2.567569739e+00 +9.047569739e+00 +9.047569739e+00 +2.9272e+00 -9.4403e-01 -2.1965e+00 +3.0968e+00 +1.3490e+00
934 +2.466704592e+00 +2.466704592e+00 +8.946704592e+00 +8.946704592e+00 +1.6834e+00 -2.1984e+00 -3.0074e+00 +2.1076e+00 +6.8386e-01
"function evaluation" "noise-free fitness - Fopt (-2.995100000000e+02)" "best noise-free fitness - Fopt" "measured fitness" "best measured fitness" "x1" "x2"
1 +2.355346755e+01 +2.355346755e+01 -2.759565324e+02 -2.759565324e+02 +3.6678e+00 -7.3855e-01 -1.0777e+00 -2.1505e+00 -2.6614e+00
28 +1.004232408e+01 +1.004232408e+01 -2.894676759e+02 -2.894676759e+02 +1.6460e+00 -3.4565e+00 -2.8287e+00 +5.6181e-01 -3.6919e+00
46 +8.823637312e+00 +8.823637312e+00 -2.906863627e+02 -2.906863627e+02 +1.9250e+00 -2.1065e+00 -1.2083e+00 +2.8976e+00 -2.8217e+00
102 +6.160932150e+00 +6.160932150e+00 -2.933490678e+02 -2.933490678e+02 +3.9214e+00 -3.0629e+00 -9.0455e-01 +1.1464e+00 -3.5276e+00
702 +2.780389415e+00 +2.780389415e+00 -2.967296106e+02 -2.967296106e+02 +1.3767e+00 -2.0053e+00 +1.3198e-01 +4.0341e-01 -3.3898e+00
993 +2.135520357e+00 +2.135520357e+00 -2.973744796e+02 -2.973744796e+02 +3.0417e+00 -3.2639e+00 -2.8382e-01 +1.3893e+00 -3.9334e+00
"function evaluation" "noise-free fitness - Fopt (1.653000000000e+02)" "best noise-free fitness - Fopt" "measured fitness" "best measured fitness" "x1" "x2"
1 +1.310312702e+02 +1.310312702e+02 +2.963312702e+02 +2.963312702e+02 +3.6819e+00 +3.2157e+00 +1.6436e+00 +2.4555e+00 +3.3696e+00
2 +8.283093946e+01 +8.283093946e+01 +2.481309395e+02 +2.481309395e+02 +2.5974e+00 -3.7283e+00 -4.2851e-02 +2.1244e-01 +2.2730e+00
6 +4.335688986e+01 +4.335688986e+01 +2.086568899e+02 +2.086568899e+02 -8.8630e-01 -2.0400e+00 -3.7519e+00 -3.0320e+00 -3.8441e+00
7 +2.205446049e+01 +2.205446049e+01 +1.873544605e+02 +1.873544605e+02 -3.9507e+00 -5.0393e-01 -9.3520e-01 +1.8803e+00 +1.6300e+00
10 +9.324512835e+00 +9.324512835e+00 +1.746245128e+02 +1.746245128e+02 -2.9753e+00 +7.2826e-01 -3.7820e-01 +3.4455e+00 -2.4840e+00
213 +4.279837332e+00 +4.279837332e+00 +1.695798373e+02 +1.695798373e+02 -3.2086e+00 -3.1580e+00 -2.8132e+00 +2.4417e+00 -2.6885e+00
642 +3.901937990e+00 +3.901937990e+00 +1.692019380e+02 +1.692019380e+02 -3.2059e+00 -2.3213e+00 -4.6691e-01 +2.2295e+00 -3.0032e+00
"function evaluation" "noise-free fitness - Fopt (-1.737100000000e+02)" "best noise-free fitness - Fopt" "measured fitness" "best measured fitness" "x1" "x2"
1 +5.108649418e+01 +5.108649418e+01 -1.226235058e+02 -1.226235058e+02 -2.7205e+00 +3.6474e+00 +6.0847e-01 +7.6074e-01 -5.8970e-01
2 +3.463474556e+01 +3.463474556e+01 -1.390752544e+02 -1.390752544e+02 -4.1601e-01 -2.3552e+00 +7.6982e-01 -1.9870e+00 -2.2086e+00
9 +1.492238569e+01 +1.492238569e+01 -1.587876143e+02 -1.587876143e+02 +2.0830e+00 +2.0654e-01 -3.8554e+00 +1.1269e+00 +5.2419e-02
10 +1.540649399e+00 +1.540649399e+00 -1.721693506e+02 -1.721693506e+02 +1.4638e+00 -1.2167e+00 -2.4199e+00 +3.4330e+00 -1.2029e+00
"function evaluation" "noise-free fitness - Fopt (5.694000000000e+01)" "best noise-free fitness - Fopt" "measured fitness" "best measured fitness" "x1" "x2"
1 +9.093305000e+01 +9.093305000e+01 +1.478730500e+02 +1.478730500e+02 +1.8553e+00 +3.0667e+00 -3.9901e+00 -2.2432e+00 -2.5078e+00
2 +1.585219884e+01 +1.585219884e+01 +7.279219884e+01 +7.279219884e+01 -2.8135e+00 -3.9761e+00 -9.4258e-01 +2.2143e+00 +1.8550e+00
17 +5.724785627e+00 +5.724785627e+00 +6.266478563e+01 +6.266478563e+01 -1.6994e+00 -3.8299e+00 -3.8582e+00 +1.9871e+00 +2.9856e+00
136 +3.530374210e+00 +3.530374210e+00 +6.047037421e+01 +6.047037421e+01 -1.0756e+00 -3.1788e+00 -3.9980e+00 +1.9938e+00 +3.7066e+00
275 +1.834302563e+00 +1.834302563e+00 +5.877430256e+01 +5.877430256e+01 -1.7135e+00 -8.3083e-01 -3.7140e+00 +2.4685e+00 +3.9800e+00
"function evaluation" "noise-free fitness - Fopt (-1.336400000000e+02)" "best noise-free fitness - Fopt" "measured fitness" "best measured fitness" "x1" "x2"
1 +2.652037797e+01 +2.652037797e+01 -1.071196220e+02 -1.071196220e+02 +2.3945e+00 -5.8677e-01 -1.3835e+00 -6.4316e-01 +1.2811e+00
15 +2.275776683e+01 +2.275776683e+01 -1.108822332e+02 -1.108822332e+02 +1.0090e+00 +2.7455e+00 +3.3806e+00 -8.3415e-01 +2.8259e+00
28 +1.499073322e+01 +1.499073322e+01 -1.186492668e+02 -1.186492668e+02 +2.1638e+00 +3.7378e-01 +5.8662e-01 +1.5495e+00 +2.5721e+00
59 +5.495790562e+00 +5.495790562e+00 -1.281442094e+02 -1.281442094e+02 +1.9688e+00 +2.5014e+00 -1.9515e+00 +4.7455e-01 +2.9216e+00
462 +1.053756080e+00 +1.053756080e+00 -1.325862439e+02 -1.325862439e+02 +2.3912e+00 +3.9125e+00 -2.0779e-01 +1.1368e+00 +3.8203e+00
"function evaluation" "noise-free fitness - Fopt (-5.780000000000e+00)" "best noise-free fitness - Fopt" "measured fitness" "best measured fitness" "x1" "x2"
1 +6.179765422e+01 +6.179765422e+01 +5.601765422e+01 +5.601765422e+01 +1.6028e+00 -3.9451e-02 -1.3665e+00 -8.7241e-01 +5.9680e-01
11 +3.517148176e+01 +3.517148176e+01 +2.939148176e+01 +2.939148176e+01 -3.3168e+00 -1.0513e+00 -2.2684e+00 +2.1512e+00 +2.1536e+00
28 +1.660371685e+01 +1.660371685e+01 +1.082371685e+01 +1.082371685e+01 -8.2135e-01 -9.3824e-02 +2.8315e+00 +3.8996e+00 +2.4325e-01
37 +1.161831623e+01 +1.161831623e+01 +5.838316228e+00 +5.838316228e+00 -3.6205e+00 -1.9106e-01 +1.4282e+00 +1.8782e+00 +1.7931e+00
111 +9.781925589e+00 +9.781925589e+00 +4.001925589e+00 +4.001925589e+00 -8.9596e-01 -1.3307e+00 +9.4382e-01 +1.6041e+00 +3.1846e+00
130 +2.909537593e+00 +2.909537593e+00 -2.870462407e+00 -2.870462407e+00 -2.8412e+00 -1.1517e+00 +2.9449e+00 +2.2927e+00 +1.9901e+00
"function evaluation" "noise-free fitness - Fopt (4.996000000000e+01)" "best noise-free fitness - Fopt" "measured fitness" "best measured fitness" "x1" "x2"
1 +4.522881122e+01 +4.522881122e+01 +9.518881122e+01 +9.518881122e+01 +2.4827e+00 +9.7049e-02 +1.2208e+00 +3.0154e+00 -2.8289e-01
4 +3.188746717e+01 +3.188746717e+01 +8.184746717e+01 +8.184746717e+01 +2.5390e+00 +1.4192e+00 -1.5574e+00 +6.9681e-01 -9.9147e-01
5 +1.583597024e+01 +1.583597024e+01 +6.579597024e+01 +6.579597024e+01 -3.6861e+00 +1.5612e+00 +3.5254e+00 -2.4376e+00 -3.3351e+00
20 +9.635028095e+00 +9.635028095e+00 +5.959502809e+01 +5.959502809e+01 +1.5125e+00 +1.1613e+00 +4.6303e-01 -1.1807e+00 -3.9903e+00
135 +4.414246922e+00 +4.414246922e+00 +5.437424692e+01 +5.437424692e+01 -4.4613e-01 +1.5973e+00 -9.0567e-01 -2.4914e-01 -3.2252e+00
"function evaluation" "noise-free fitness - Fopt (-1.266700000000e+02)" "best noise-free fitness - Fopt" "measured fitness" "best measured fitness" "x1" "x2"
1 +5.462790588e+01 +5.462790588e+01 -7.204209412e+01 -7.204209412e+01 -3.9993e+00 -2.0008e+00 +1.8770e+00 +1.1772e+00 +3.9159e+00
2 +2.137576059e+01 +2.137576059e+01 -1.052942394e+02 -1.052942394e+02 +2.4597e-01 +3.1199e+00 +2.9884e+00 +2.1395e+00 -1.6104e+00
9 +1.114058355e+01 +1.114058355e+01 -1.155294164e+02 -1.155294164e+02 -1.8120e+00 +1.4267e-01 -3.7134e-01 +2.9960e+00 -1.7049e+00
21 +5.482035644e+00 +5.482035644e+00 -1.211879644e+02 -1.211879644e+02 -2.6610e+00 -1.3518e+00 +1.1770e-01 -2.3663e-01 -2.4139e+00
78 +1.467857449e+00 +1.467857449e+00 -1.252021426e+02 -1.252021426e+02 -2.6492e+00 -2.4016e-01 +1.5389e+00 +1.4505e+00 -2.2719e+00
865 +6.812763397e-01 +6.812763397e-01 -1.259887237e+02 -1.259887237e+02 -2.8708e+00 +4.5784e-01 +2.0890e+00 +7.1410e-01 -2.7125e+00
"function evaluation" "noise-free fitness - Fopt (7.427000000000e+01)" "best noise-free fitness - Fopt" "measured fitness" "best measured fitness" "x1" "x2"
1 +2.380940231e+01 +2.380940231e+01 +9.807940231e+01 +9.807940231e+01 +8.4943e-01 -1.5630e+00 +2.3573e+00 -2.4011e+00 +2.0066e+00
9 +1.227833740e+01 +1.227833740e+01 +8.654833740e+01 +8.654833740e+01 +1.3079e+00 -1.2556e+00 -2.5508e+00 -3.5253e+00 +2.0607e-01
38 +6.315473995e+00 +6.315473995e+00 +8.058547400e+01 +8.058547400e+01 -2.7037e+00 -2.1228e+00 -2.6629e+00 -7.6331e-01 +3.2602e-01
150 +3.730606037e+00 +3.730606037e+00 +7.800060604e+01 +7.800060604e+01 -1.9531e+00 -2.9024e-01 -5.1472e-01 -1.4861e+00 +2.2228e+00
"function evaluation" "noise-free fitness - Fopt (-1.227000000000e+01)" "best noise-free fitness - Fopt" "measured fitness" "best measured fitness" "x1" "x2"
1 +3.730181537e+01 +3.730181537e+01 +2.503181537e+01 +2.503181537e+01 +2.3945e+00 -5.8677e-01 -1.3835e+00 -6.4316e-01 +1.2811e+00
23 +2.353324578e+01 +2.353324578e+01 +1.126324578e+01 +1.126324578e+01 +1.8179e+00 -1.1559e+00 +2.2287e-01 -3.9110e+00 -2.1616e-01
40 +1.065502392e+01 +1.065502392e+01 -1.614976082e+00 -1.614976082e+00 +3.7329e+00 -2.1545e+00 +1.3358e+00 -2.5299e-01 -1.7339e+00
114 +7.946273863e+00 +7.946273863e+00 -4.323726137e+00 -4.323726137e+00 +3.4361e+00 -1.9909e+00 -1.4529e-01 +2.5175e-01 -2.8776e+00
158 +5.714606886e+00 +5.714606886e+00 -6.555393114e+00 -6.555393114e+00 +3.3793e+00 -2.8644e+00 -1.6584e+00 -3.6412e+00 -2.8197e+00
438 +2.780636357e+00 +2.780636357e+00 -9.489363643e+00 -9.489363643e+00 +2.9873e+00 -3.7413e+00 -9.1670e-01 -3.0763e+00 -2.9627e+00
745 +2.105013882e+00 +2.105013882e+00 -1.016498612e+01 -1.016498612e+01 +3.4437e+00 -3.6432e+00 +4.2523e-01 -3.3617e+00 -3.7463e+00
"function evaluation" "noise-free fitness - Fopt (-8.140000000000e+01)" "best noise-free fitness - Fopt" "measured fitness" "best measured fitness" "x1" "x2"
1 +9.833061777e+01 +9.833061777e+01 +1.693061777e+01 +1.693061777e+01 -3.9993e+00 -2.0008e+00 +1.8770e+00 +1.1772e+00 +3.9159e+00
2 +1.665554028e+01 +1.665554028e+01 -6.474445972e+01 -6.474445972e+01 +2.4597e-01 +3.1199e+00 +2.9884e+00 +2.1395e+00 -1.6104e+00
24 +8.265894932e+00 +8.265894932e+00 -7.313410507e+01 -7.313410507e+01 +8.8504e-01 -1.8492e+00 +2.8818e+00 +2.3317e+00 -2.1345e+00
57 +1.877551328e+00 +1.877551328e+00 -7.952244867e+01 -7.952244867e+01 +2.0400e+00 +3.5402e-01 +2.2212e+00 +2.9497e+00 -3.1634e+00
"function evaluation" "noise-free fitness - Fopt (-2.073900000000e+02)" "best noise-free fitness - Fopt" "measured fitness" "best measured fitness" "x1" "x2"
1 +8.588080841e+01 +8.588080841e+01 -1.215091916e+02 -1.215091916e+02 -2.1992e+00 -1.6546e+00 +3.3363e+00 +3.5336e+00 +1.8076e+00
2 +5.661354107e+01 +5.661354107e+01 -1.507764589e+02 -1.507764589e+02 +1.0908e+00 +2.7922e+00 +3.2651e+00 -1.3850e+00 -2.4552e+00
3 +2.354742353e+01 +2.354742353e+01 -1.838425765e+02 -1.838425765e+02 -2.0890e+00 -1.6821e+00 +2.4030e+00 -3.7650e+00 -2.2460e+00
37 +1.471696531e+01 +1.471696531e+01 -1.926730347e+02 -1.926730347e+02 -2.6160e+00 +1.4696e+00 +6.4867e-01 -3.6639e+00 -1.5115e+00
48 +8.681731770e+00 +8.681731770e+00 -1.987082682e+02 -1.987082682e+02 -2.1023e+00 -2.7883e+00 -4.0785e-01 -1.7897e+00 -3.2876e+00
173 +5.475733846e+00 +5.475733846e+00 -2.019142662e+02 -2.019142662e+02 -1.3429e+00 +1.6179e-01 -2.0725e+00 -3.4500e+00 -2.2213e+00
208 +3.101548230e+00 +3.101548230e+00 -2.042884518e+02 -2.042884518e+02 -3.1863e+00 +6.8035e-01 -2.8911e+00 -2.9905e+00 -2.5462e+00
"function evaluation" "noise-free fitness - Fopt (-9.524000000000e+01)" "best noise-free fitness - Fopt" "measured fitness" "best measured fitness" "x1" "x2"
1 +9.210261970e+01 +9.210261970e+01 -3.137380300e+00 -3.137380300e+00 -2.4371e+00 +2.8423e+00 -3.9048e+00 +3.1274e+00 -2.7768e+00
2 +1.814846208e+01 +1.814846208e+01 -7.709153792e+01 -7.709153792e+01 +7.4239e-01 -2.1245e+00 +2.1803e-02 -1.1954e+00 +1.0281e+00
17 +7.498202747e+00 +7.498202747e+00 -8.774179725e+01 -8.774179725e+01 +2.0526e+00 -2.8696e-01 +2.4888e+00 +4.5883e-02 +2.4471e+00
44 +2.994620267e+00 +2.994620267e+00 -9.224537973e+01 -9.224537973e+01 +1.8600e+00 +1.1856e+00 -3.7256e-01 +1.4674e+00 +2.8699e+00
"function evaluation" "noise-free fitness - Fopt (-1.589200000000e+02)" "best noise-free fitness - Fopt" "measured fitness" "best measured fitness" "x1" "x2"
1 +2.556503594e+01 +2.556503594e+01 -1.333549641e+02 -1.333549641e+02 +2.6485e+00 -9.9223e-01 +1.4974e+00 -5.8846e-01 -1.7289e+00
2 +5.185655907e+00 +5.185655907e+00 -1.537343441e+02 -1.537343441e+02 +3.5518e+00 +1.8801e+00 +2.8849e-01 +7.6610e-01 +3.9618e+00
65 +3.902395014e+00 +3.902395014e+00 -1.550176050e+02 -1.550176050e+02 +2.1368e+00 +1.8544e+00 -2.9333e-01 +8.1256e-01 +3.1016e+00
222 +2.384072339e+00 +2.384072339e+00 -1.565359277e+02 -1.565359277e+02 +3.6306e+00 -3.1460e-01 +3.2855e-01 -5.3468e-01 +3.3420e+00
"function evaluation" "noise-free fitness - Fopt (1.347300000000e+02)" "best noise-free fitness - Fopt" "measured fitness" "best measured fitness" "x1" "x2"
1 +4.124181446e+01 +4.124181446e+01 +1.759718145e+02 +1.759718145e+02 -2.5162e+00 -1.3209e+00 -3.5563e-01 +2.7532e+00 -1.7228e+00
4 +1.484819879e+01 +1.484819879e+01 +1.495781988e+02 +1.495781988e+02 -7.3373e-01 -2.9700e+00 -1.9019e+00 -5.7754e-02 +2.5641e+00
22 +7.425164783e+00 +7.425164783e+00 +1.421551648e+02 +1.421551648e+02 -2.7559e+00 -2.5060e+00 +2.6378e+00 -2.7112e+00 +2.8166e+00
89 +4.320065964e+00 +4.320065964e+00 +1.390500660e+02 +1.390500660e+02 -4.6281e-01 -3.2189e+00 +1.0263e+00 -2.2395e+00 +6.5809e-01
165 +1.407710476e+00 +1.407710476e+00 +1.361377105e+02 +1.361377105e+02 -1.6713e+00 -3.0483e+00 -1.5755e-01 -2.4494e+00 +1.5774e+00
"function evaluation" "noise-free fitness - Fopt (1.520000000000e+00)" "best noise-free fitness - Fopt" "measured fitness" "best measured fitness" "x1" "x2"
1 +2.379234668e+01 +2.379234668e+01 +2.531234668e+01 +2.531234668e+01 -6.0655e-01 +1.9835e+00 -1.4418e-01 -1.4348e+00 -3.4582e+00
31 +9.308512007e+00 +9.308512007e+00 +1.082851201e+01 +1.082851201e+01 -5.1919e-01 -8.2800e-01 -2.1264e+00 +8.1131e-01 -2.7958e+00
148 +5.416950121e+00 +5.416950121e+00 +6.936950121e+00 +6.936950121e+00 +1.4049e+00 -1.6928e+00 -3.2550e+00 -2.6026e-01 -2.9780e+00
223 +2.147677993e+00 +2.147677993e+00 +3.667677993e+00 +3.667677993e+00 -1.1080e+00 -1.5734e+00 -3.5906e+00 -2.4830e+00 -3.1603e+00
"function evaluation" "noise-free fitness - Fopt (4.530000000000e+01)" "best noise-free fitness - Fopt" "measured fitness" "best measured fitness" "x1" "x2"
1 +5.114652318e+01 +5.114652318e+01 +9.644652318e+01 +9.644652318e+01 +2.6116e+00 -3.7652e+00 -8.6260e-01 +2.1659e+00 -2.3960e-01
7 +2.230669394e+01 +2.230669394e+01 +6.760669394e+01 +6.760669394e+01 +1.7593e+00 +2.8240e+00 +6.3799e-01 +3.3474e+00 +9.3445e-01
33 +9.599156526e+00 +9.599156526e+00 +5.489915653e+01 +5.489915653e+01 +3.4985e-01 +3.6130e+00 +1.6366e+00 +2.3410e+00 -2.8233e+00
42 +5.735266494e+00 +5.735266494e+00 +5.103526649e+01 +5.103526649e+01 +2.6963e+00 +1.8256e+00 +4.6034e-02 +1.9716e+00 -3.5266e+00
"function evaluation" "noise-free fitness - Fopt (-1.605700000000e+02)" "best noise-free fitness - Fopt" "measured fitness" "best measured fitness" "x1" "x2"
1 +8.500063376e+01 +8.500063376e+01 -7.556936624e+01 -7.556936624e+01 -9.8036e-01 -2.4763e+00 -3.7886e+00 +2.8871e+00 -2.9020e+00
2 +3.255468863e+01 +3.255468863e+01 -1.280153114e+02 -1.280153114e+02 -1.6662e-01 -1.8467e+00 +2.0122e-01 +2.2748e+00 +3.0056e-01
3 +4.969546507e+00 +4.969546507e+00 -1.556004535e+02 -1.556004535e+02 -9.0140e-01 +1.4000e+00 -2.6193e-01 -1.8774e-02 +3.0992e+00
582 +3.148361290e+00 +3.148361290e+00 -1.574216387e+02 -1.574216387e+02 -2.1883e+00 -4.9649e-01 +2.7643e-02 -2.8343e+00 +3.4555e+00
684 +2.092247050e+00 +2.092247050e+00 -1.584777530e+02 -1.584777530e+02 -1.6218e+00 -1.0442e+00 -7.4365e-01 -2.2489e+00 +3.7139e+00
"function evaluation" "noise-free fitness - Fopt (-2.916100000000e+02)" "best noise-free fitness - Fopt" "measured fitness" "best measured fitness" "x1" "x2"
1 +4.883871500e+01 +4.883871500e+01 -2.427712850e+02 -2.427712850e+02 -3.9920e+00 -3.7667e+00 +1.1994e+00 +1.3404e+00 -3.0069e-01
3 +2.470660989e+01 +2.470660989e+01 -2.669033901e+02 -2.669033901e+02 -1.6325e+00 -2.2929e+00 +1.2685e+00 +3.6141e+00 +2.6366e+00
8 +1.096432084e+01 +1.096432084e+01 -2.806456792e+02 -2.806456792e+02 -2.8550e+00 +2.2349e+00 +2.3895e-01 +3.7176e-01 -3.0612e-01
14 +5.165462459e+00 +5.165462459e+00 -2.864445375e+02 -2.864445375e+02 -3.1176e+00 +1.2211e+00 +2.8077e-01 +1.4613e+00 +1.4779e+00
45 +2.358501218e+00 +2.358501218e+00 -2.892514988e+02 -2.892514988e+02 -2.0518e+00 +3.8804e+00 +5.5678e-01 +3.0919e+00 +1.2815e+00
372 +7.864136203e-01 +7.864136203e-01 -2.908235864e+02 -2.908235864e+02 -1.3802e+00 +2.3570e+00 +1.2863e+00 +3.2971e+00 +1.3800e+00
"function evaluation" "noise-free fitness - Fopt (-8.736000000000e+01)" "best noise-free fitness - Fopt" "measured fitness" "best measured fitness" "x1" "x2"
1 +1.297858651e+01 +1.297858651e+01 -7.438141349e+01 -7.438141349e+01 -1.6395e+00 +1.0022e+00 +2.3810e+00 +1.1987e+00 -8.3667e-01
13 +6.615142714e+00 +6.615142714e+00 -8.074485729e+01 -8.074485729e+01 -2.3381e+00 -2.1066e+00 +2.4412e+00 -1.3297e+00 -3.7659e+00
159 +2.594188399e+00 +2.594188399e+00 -8.476581160e+01 -8.476581160e+01 -8.1769e-01 -3.7563e-01 +2.9896e+00 -6.6934e-01 -1.7115e+00
537 +7.198524614e-01 +7.198524614e-01 -8.664014754e+01 -8.664014754e+01 -9.2669e-01 -3.4444e-02 +2.9219e+00 -6.6399e-02 -3.6872e+00
"function evaluation" "noise-free fitness - Fopt (1.000000000000e+03)" "best noise-free fitness - Fopt" "measured fitness" "best measured fitness" "x1" "x2"
1 +8.124102739e+01 +8.124102739e+01 +1.081241027e+03 +1.081241027e+03 +2.5740e+00 +2.7158e+00 +3.3141e+00 +3.9800e+00 -3.9880e+00
6 +5.573967661e+01 +5.573967661e+01 +1.055739677e+03 +1.055739677e+03 +7.1044e-01 -2.3020e+00 -1.2387e+00 -3.3043e+00 -2.9689e+00
7 +3.339659420e+01 +3.339659420e+01 +1.033396594e+03 +1.033396594e+03 -2.1310e+00 -2.2606e+00 +3.2093e+00 -1.3486e+00 +3.2941e+00
17 +9.287801080e+00 +9.287801080e+00 +1.009287801e+03 +1.009287801e+03 -1.7872e+00 -2.6282e+00 +3.7092e+00 +3.4454e+00 -3.0891e+00
112 +4.430651981e+00 +4.430651981e+00 +1.004430652e+03 +1.004430652e+03 -2.2261e+00 -2.2909e+00 +1.7331e+00 +8.0244e-01 -5.1805e-01
128 +2.348707255e+00 +2.348707255e+00 +1.002348707e+03 +1.002348707e+03 -2.1443e+00 -3.4605e+00 +1.8812e+00 +2.8786e+00 -8.3437e-01
"function evaluation" "noise-free fitness - Fopt (2.887300000000e+02)" "best noise-free fitness - Fopt" "measured fitness" "best measured fitness" "x1" "x2"
1 +4.673700188e+01 +4.673700188e+01 +3.354670019e+02 +3.354670019e+02 +5.9110e-01 +1.2441e+00 -1.6293e+00 +3.1058e+00 -1.2653e+00
2 +3.739358316e+01 +3.739358316e+01 +3.261235832e+02 +3.261235832e+02 +1.2248e+00 -1.2418e+00 +2.0649e+00 -9.9395e-01 -3.4910e+00
4 +1.912000946e+01 +1.912000946e+01 +3.078500095e+02 +3.078500095e+02 -2.4325e+00 +3.2840e+00 -2.5219e+00 -2.2576e+00 +1.7905e+00
8 +1.068045332e+01 +1.068045332e+01 +2.994104533e+02 +2.994104533e+02 -9.3468e-01 +2.9518e+00 -7.9592e-01 -3.8465e+00 -1.9542e-01
14 +5.588396653e+00 +5.588396653e+00 +2.943183967e+02 +2.943183967e+02 -1.4210e+00 -1.0731e+00 -1.1780e+00 -1.9150e+00 -3.8350e-01
92 +9.878127391e-01 +9.878127391e-01 +2.897178127e+02 +2.897178127e+02 -2.7143e+00 +1.2163e+00 -1.7584e+00 -3.1532e+00 -1.8488e+00
514 +6.284365208e-01 +6.284365208e-01 +2.893584365e+02 +2.893584365e+02 -2.4961e+00 +3.6751e-01 -1.8996e+00 -3.0004e+00 -1.9691e+00
"function evaluation" "noise-free fitness - Fopt (-3.046000000000e+01)" "best noise-free fitness - Fopt" "measured fitness" "best measured fitness" "x1" "x2"
1 +5.889537758e+01 +5.889537758e+01 +2.843537758e+01 +2.843537758e+01 -4.6453e-02 -2.2525e+00 +1.9856e+00 +1.1741e+00 -3.8935e+00
2 +3.782690830e+01 +3.782690830e+01 +7.366908304e+00 +7.366908304e+00 +3.8727e+00 -2.4261e-01 -1.0776e+00 +6.5558e-01 +1.8984e+00
3 +1.685931203e+01 +1.685931203e+01 -1.360068797e+01 -1.360068797e+01 +2.9435e+00 -2.7106e+00 +3.8603e+00 -8.7951e-01 +1.2606e+00
11 +1.345176811e+01 +1.345176811e+01 -1.700823189e+01 -1.700823189e+01 +3.9135e+00 -8.3624e-01 +3.2892e+00 -2.8942e+00 +3.9859e+00
30 +2.833884701e+00 +2.833884701e+00 -2.762611530e+01 -2.762611530e+01 +1.2886e+00 +3.2781e-01 +3.4867e+00 -1.4325e+00 +2.0611e+00
845 +1.726292836e+00 +1.726292836e+00 -2.873370716e+01 -2.873370716e+01 +1.5286e+00 -2.9220e-01 +3.3788e+00 -2.3578e+00 +1.1023e+00
"function evaluation" "noise-free fitness - Fopt (-1.184600000000e+02)" "best noise-free fitness - Fopt" "measured fitness" "best measured fitness" "x1" "x2"
1 +1.209273829e+02 +1.209273829e+02 +2.467382865e+00 +2.467382865e+00 -3.5229e+00 -1.6212e+00 -3.6547e+00 +4.3178e-01 +1.7874e-01
2 +4.716932387e+01 +4.716932387e+01 -7.129067613e+01 -7.129067613e+01 +2.3980e+00 +1.6500e+00 +2.2196e+00 -2.6720e-01 -7.7114e-02
8 +1.750643252e+01 +1.750643252e+01 -1.009535675e+02 -1.009535675e+02 +2.8136e-01 -3.4046e+00 +1.3506e+00 -1.8575e+00 +1.3572e+00
43 +1.357516712e+01 +1.357516712e+01 -1.048848329e+02 -1.048848329e+02 +1.6625e+00 -1.4487e+00 +2.0189e+00 -1.2396e+00 +2.0144e+00
102 +7.997020461e+00 +7.997020461e+00 -1.104629795e+02 -1.104629795e+02 +1.4187e+00 -3.0507e+00 +1.4129e+00 -2.9667e+00 +3.6526e+00
466 +1.493246837e+00 +1.493246837e+00 -1.169667532e+02 -1.169667532e+02 +3.9105e+00 -3.2483e+00 +3.3190e+00 -2.7406e+00 +2.4913e+00
"function evaluation" "noise-free fitness - Fopt (2.230000000000e+00)" "best noise-free fitness - Fopt" "measured fitness" "best measured fitness" "x1" "x2"
1 +4.373565512e+01 +4.373565512e+01 +4.596565512e+01 +4.596565512e+01 +2.2216e+00 -1.3604e+00 +3.0630e+00 +3.6798e+00 +3.8256e+00
3 +2.025459409e+01 +2.025459409e+01 +2.248459409e+01 +2.248459409e+01 +2.0051e+00 -2.5693e+00 +3.3109e+00 -1.9988e+00 +1.3324e+00
32 +1.392396357e+01 +1.392396357e+01 +1.615396357e+01 +1.615396357e+01 +1.6378e+00 -6.9361e-01 -7.9827e-01 +4.7671e-01 +3.5017e+00
55 +5.924662476e+00 +5.924662476e+00 +8.154662476e+00 +8.154662476e+00 +2.5142e+00 -3.7947e+00 +1.6702e-01 -2.1589e+00 +2.3483e+00
190 +2.838516776e+00 +2.838516776e+00 +5.068516776e+00 +5.068516776e+00 +2.6845e+00 -2.5890e+00 +2.1885e-01 -2.9267e+00 +3.6009e+00
"function evaluation" "noise-free fitness - Fopt (-1.308000000000e+01)" "best noise-free fitness - Fopt" "measured fitness" "best measured fitness" "x1" "x2"
1 +3.846367471e+01 +3.846367471e+01 +2.538367471e+01 +2.538367471e+01 +3.5358e+00 +1.6628e-01 +6.6463e-02 +3.9294e+00 +9.5603e-01
15 +2.296848500e+01 +2.296848500e+01 +9.888485001e+00 +9.888485001e+00 -1.2604e-01 +5.2999e-01 +1.5449e+00 +1.5931e-02 -2.2278e+00
23 +1.011562961e+01 +1.011562961e+01 -2.964370387e+00 -2.964370387e+00 -5.1296e-01 -9.2906e-01 +1.0772e+00 +3.8323e+00 -3.9823e+00
53 +3.642114562e+00 +3.642114562e+00 -9.437885438e+00 -9.437885438e+00 +9.5448e-02 -1.1429e+00 +2.7052e+00 +2.3372e+00 -3.2285e+00
559 +1.628855349e+00 +1.628855349e+00 -1.145114465e+01 -1.145114465e+01 +4.9345e-01 -1.8598e+00 +3.4944e+00 +3.7609e+00 -1.1347e+00
"function evaluation" "noise-free fitness - Fopt (2.671600000000e+02)" "best noise-free fitness - Fopt" "measured fitness" "best measured fitness" "x1" "x2"
1 +1.082103524e+02 +1.082103524e+02 +3.753703524e+02 +3.753703524e+02 +3.5358e+00 +1.6628e-01 +6.6463e-02 +3.9294e+00 +9.5603e-01
2 +3.427875931e+01 +3.427875931e+01 +3.014387593e+02 +3.014387593e+02 -2.1093e+00 -1.0057e+00 +1.6445e+00 -1.1342e+00 +3.4854e+00
29 +1.236743297e+01 +1.236743297e+01 +2.795274330e+02 +2.795274330e+02 -2.0388e+00 -2.9325e+00 -1.4827e+00 -3.2926e+00 +1.0856e+00
102 +7.087163112e+00 +7.087163112e+00 +2.742471631e+02 +2.742471631e+02 -3.5719e+00 -1.8822e+00 -2.8357e+00 -1.0702e-01 +3.1000e+00
455 +1.501117385e+00 +1.501117385e+00 +2.686611174e+02 +2.686611174e+02 -2.5799e+00 -3.1510e+00 -3.0481e+00 -2.8577e+00 +3.2644e+00
"function evaluation" "noise-free fitness - Fopt (3.710000000000e+00)" "best noise-free fitness - Fopt" "measured fitness" "best measured fitness" "x1" "x2"
1 +4.195368732e+01 +4.195368732e+01 +4.566368732e+01 +4.566368732e+01 -1.3917e+00 -3.3162e+00 +3.1891e+00 -1.5813e+00 -2.0635e+00
4 +3.526166772e+01 +3.526166772e+01 +3.897166772e+01 +3.897166772e+01 +3.5614e+00 -1.6426e+00 +3.3334e+00 +2.7475e+00 +2.4974e+00
15 +1.030992721e+01 +1.030992721e+01 +1.401992721e+01 +1.401992721e+01 +2.0996e+00 -2.6330e+00 +1.4731e+00 +3.1135e-01 -8.9663e-02
70 +9.370147905e+00 +9.370147905e+00 +1.308014791e+01 +1.308014791e+01 +2.8268e+00 -2.4342e+00 +2.2105e+00 -1.9889e+00 -1.7073e+00
464 +3.930946975e+00 +3.930946975e+00 +7.640946975e+00 +7.640946975e+00 +2.9250e+00 -3.0145e+00 -1.4514e-01 -7.8927e-01 +1.1918e+00
"function evaluation" "noise-free fitness - Fopt (9.478000000000e+01)" "best noise-free fitness - Fopt" "measured fitness" "best measured fitness" "x1" "x2"
1 +2.968445823e+01 +2.968445823e+01 +1.244644582e+02 +1.244644582e+02 +2.3593e+00 -2.6396e-01 +2.0438e+00 -1.2815e+00 -7.8551e-01
4 +2.317683414e+01 +2.317683414e+01 +1.179568341e+02 +1.179568341e+02 +1.3199e+00 +7.9605e-01 +1.7448e+00 -3.1948e+00 +8.8118e-01
16 +6.743584037e+00 +6.743584037e+00 +1.015235840e+02 +1.015235840e+02 +2.4268e+00 -1.4337e+00 +2.7959e+00 -3.7056e+00 +1.9787e+00
55 +7.265137587e-01 +7.265137587e-01 +9.550651376e+01 +9.550651376e+01 +1.5680e+00 -3.0187e+00 +3.9156e+00 -2.9718e+00 +2.6641e+00
"function evaluation" "noise-free fitness - Fopt (2.339200000000e+02)" "best noise-free fitness - Fopt" "measured fitness" "best measured fitness" "x1" "x2"
1 +3.060831434e+01 +3.060831434e+01 +2.645283143e+02 +2.645283143e+02 -3.2097e+00 +3.7356e+00 +1.1266e+00 -8.7618e-01 -1.1051e+00
10 +9.892479795e+00 +9.892479795e+00 +2.438124798e+02 +2.438124798e+02 -1.7542e+00 -1.0126e-01 -2.6182e+00 -1.2945e+00 +1.4509e+00
84 +3.311337341e+00 +3.311337341e+00 +2.372313373e+02 +2.372313373e+02 -3.9037e+00 -5.1629e-01 -3.5099e+00 -1.7679e+00 -7.5322e-01
"function evaluation" "noise-free fitness - Fopt (-6.092000000000e+01)" "best noise-free fitness - Fopt" "measured fitness" "best measured fitness" "x1" "x2"
1 +1.003442332e+02 +1.003442332e+02 +3.942423323e+01 +3.942423323e+01 -3.5229e+00 -1.6212e+00 -3.6547e+00 +4.3178e-01 +1.7874e-01
2 +1.441661218e+01 +1.441661218e+01 -4.650338782e+01 -4.650338782e+01 +2.3980e+00 +1.6500e+00 +2.2196e+00 -2.6720e-01 -7.7114e-02
41 +6.449968309e+00 +6.449968309e+00 -5.447003169e+01 -5.447003169e+01 +3.1010e+00 +1.5586e+00 +3.4115e+00 -5.0497e-01 -2.7977e+00
215 +4.239947904e+00 +4.239947904e+00 -5.668005210e+01 -5.668005210e+01 +1.5942e+00 +2.1461e+00 +3.9916e+00 -3.0063e-01 -1.5014e+00
645 +2.612463425e+00 +2.612463425e+00 -5.830753658e+01 -5.830753658e+01 +1.2833e+00 +3.5597e+00 +3.4847e+00 +5.8956e-02 -2.7098e+00
684 +2.313807063e+00 +2.313807063e+00 -5.860619294e+01 -5.860619294e+01 +1.0472e+00 +2.6957e+00 +2.9265e+00 -2.4626e+00 -3.5845e+00
"function evaluation" "noise-free fitness - Fopt (-1.948000000000e+01)" "best noise-free fitness - Fopt" "measured fitness" "best measured fitness" "x1" "x2"
1 +4.070087208e+01 +4.070087208e+01 +2.122087208e+01 +2.122087208e+01 +2.3593e+00 -2.6396e-01 +2.0438e+00 -1.2815e+00 -7.8551e-01
2 +2.427889580e+01 +2.427889580e+01 +4.798895798e+00 +4.798895798e+00 -2.1596e+00 -1.7552e-01 -2.2506e-01 -2.5326e+00 +3.7359e+00
15 +1.374004275e+01 +1.374004275e+01 -5.739957251e+00 -5.739957251e+00 +9.1550e-01 +2.6490e-01 +1.3614e+00 -1.0612e-01 +1.0679e+00
18 +5.405106662e+00 +5.405106662e+00 -1.407489334e+01 -1.407489334e+01 -6.7259e-01 +7.7772e-01 +1.2149e+00 -3.6965e-01 +2.6825e+00
315 +2.152529291e+00 +2.152529291e+00 -1.732747071e+01 -1.732747071e+01 -2.1932e-01 +1.2404e+00 +1.0521e+00 +5.0377e-01 +3.1553e+00
"function evaluation" "noise-free fitness - Fopt (1.344700000000e+02)" "best noise-free fitness - Fopt" "measured fitness" "best measured fitness" "x1" "x2"
1 +7.825048240e+01 +7.825048240e+01 +2.127204824e+02 +2.127204824e+02 -6.4011e-01 -1.8712e+00 -1.4913e-01 +8.5345e-01 +2.4638e+00
3 +4.107429315e+01 +4.107429315e+01 +1.755442932e+02 +1.755442932e+02 -3.7133e+00 -3.2806e-01 +2.5351e+00 -1.0409e+00 +1.3325e+00
5 +2.461330416e+01 +2.461330416e+01 +1.590833042e+02 +1.590833042e+02 -1.8662e+00 -4.0470e-01 -1.5916e+00 -7.8475e-01 -1.7857e+00
20 +1.063929420e+01 +1.063929420e+01 +1.451092942e+02 +1.451092942e+02 -4.8477e-01 +3.3615e+00 +6.1574e-02 -1.1773e+00 -3.0572e+00
42 +6.676269068e+00 +6.676269068e+00 +1.411462691e+02 +1.411462691e+02 -1.1833e+00 +3.0385e+00 +9.4839e-01 -3.9844e+00 -2.3841e+00
78 +3.452590889e+00 +3.452590889e+00 +1.379225909e+02 +1.379225909e+02 -1.8255e+00 +3.7386e+00 -5.5378e-01 -2.5686e+00 -2.7754e+00
649 +2.301332402e+00 +2.301332402e+00 +1.367713324e+02 +1.367713324e+02 -2.5232e+00 +2.2876e+00 +1.3265e+00 -2.7614e+00 -3.1089e+00
"function evaluation" "noise-free fitness - Fopt (4.453500000000e+02)" "best noise-free fitness - Fopt" "measured fitness" "best measured fitness" "x1" "x2"
1 +1.968351364e+01 +1.968351364e+01 +4.650335136e+02 +4.650335136e+02 -2.7835e+00 +7.8653e-01 -1.2865e+00 +1.0776e-01 -2.6060e-01
16 +1.115575727e+01 +1.115575727e+01 +4.565057573e+02 +4.565057573e+02 -1.4862e+00 +1.7776e+00 -2.4359e+00 -4.8566e-01 +1.8971e+00
74 +3.941700280e+00 +3.941700280e+00 +4.492917003e+02 +4.492917003e+02 -3.9726e+00 +2.0685e+00 -1.3116e+00 +1.3404e+00 +2.8619e+00
"function evaluation" "noise-free fitness - Fopt (8.790000000000e+01)" "best noise-free fitness - Fopt" "measured fitness" "best measured fitness" "x1" "x2"
1 +6.476797131e+01 +6.476797131e+01 +1.526679713e+02 +1.526679713e+02 +3.2480e+00 -1.8241e+00 -2.4925e+00 -1.9588e+00 +1.0560e+00
2 +5.941523708e+01 +5.941523708e+01 +1.473152371e+02 +1.473152371e+02 +3.6523e+00 -2.6533e+00 +1.9967e+00 +3.0764e-01 -3.8287e+00
4 +3.736500191e+01 +3.736500191e+01 +1.252650019e+02 +1.252650019e+02 -3.0560e+00 +1.2178e+00 -3.1000e+00 -1.8890e+00 -3.7684e+00
11 +1.312544682e+01 +1.312544682e+01 +1.010254468e+02 +1.010254468e+02 -1.9367e+00 +5.2798e-01 -1.6112e+00 +2.8679e-02 -2.3810e+00
148 +7.527906411e+00 +7.527906411e+00 +9.542790641e+01 +9.542790641e+01 -2.9830e+00 -1.2853e-01 -4.0327e-01 -1.7381e-01 +4.7298e-01
171 +5.422205232e+00 +5.422205232e+00 +9.332220523e+01 +9.332220523e+01 -3.6065e+00 -3.0029e+00 +1.4529e+00 +2.4709e+00 -1.9120e+00
272 +1.020672961e+00 +1.020672961e+00 +8.892067296e+01 +8.892067296e+01 -3.3024e+00 -1.4151e+00 -6.9532e-01 +1.6161e+00 -1.1074e+00
"function evaluation" "noise-free fitness - Fopt (2.199800000000e+02)" "best noise-free fitness - Fopt" "measured fitness" "best measured fitness" "x1" "x2"
1 +3.817584042e+01 +3.817584042e+01 +2.581558404e+02 +2.581558404e+02 -2.3846e+00 -3.2503e+00 -3.4109e+00 -1.8776e+00 +3.5839e+00
6 +1.408187059e+01 +1.408187059e+01 +2.340618706e+02 +2.340618706e+02 +2.1740e+00 -1.1622e+00 +1.3388e+00 +1.4978e+00 -8.2224e-01
50 +7.543947035e+00 +7.543947035e+00 +2.275239470e+02 +2.275239470e+02 +1.6898e+00 -2.3063e+00 -1.5979e+00 -1.5724e+00 +1.0918e+00
81 +1.894397675e+00 +1.894397675e+00 +2.218743977e+02 +2.218743977e+02 +1.2488e+00 -3.2769e+00 -1.3882e-01 -7.4822e-01 -1.2426e+00
866 +1.443316808e+00 +1.443316808e+00 +2.214233168e+02 +2.214233168e+02 +6.6861e-01 -3.8301e+00 -2.5269e-01 +6.6333e-02 +1.0233e+00
"function evaluation" "noise-free fitness - Fopt (-2.784000000000e+01)" "best noise-free fitness - Fopt" "measured fitness" "best measured fitness" "x1" "x2"
1 +1.581379667e+01 +1.581379667e+01 -1.202620333e+01 -1.202620333e+01 -3.6915e+00 +3.0772e+00 +1.2088e+00 +5.9491e-01 -5.1490e-01
45 +8.976484024e+00 +8.976484024e+00 -1.886351598e+01 -1.886351598e+01 -7.0831e-01 +2.8531e+00 +1.3723e+00 +1.7601e+00 +3.0072e+00
60 +3.538396819e+00 +3.538396819e+00 -2.430160318e+01 -2.430160318e+01 -9.9155e-01 +2.3569e+00 +1.1279e+00 -2.0527e+00 +6.1007e-01
972 +1.094325110e+00 +1.094325110e+00 -2.674567489e+01 -2.674567489e+01 -5.0272e-01 +2.1655e+00 +1.6514e+00 -5.2590e-01 +2.5680e-01
"function evaluation" "noise-free fitness - Fopt (2.027000000000e+01)" "best noise-free fitness - Fopt" "measured fitness" "best measured fitness" "x1" "x2"
1 +7.120236244e+01 +7.120236244e+01 +9.147236244e+01 +9.147236244e+01 +2.7489e+00 -2.2567e+00 +3.9466e+00 -3.4399e+00 -2.3289e-01
6 +5.469034785e+01 +5.469034785e+01 +7.496034785e+01 +7.496034785e+01 -2.5352e+00 -3.2222e+00 -2.2251e+00 -3.6522e+00 +2.1092e-02
8 +3.298228474e+01 +3.298228474e+01 +5.325228474e+01 +5.325228474e+01 +3.2738e+00 +1.2138e-01 +1.8600e+00 +7.2512e-02 -1.3062e+00
33 +1.958489276e+01 +1.958489276e+01 +3.985489276e+01 +3.985489276e+01 +3.8484e+00 -6.1052e-02 -2.8218e-01 +3.0970e-01 -3.2162e-01
36 +1.217801680e+01 +1.217801680e+01 +3.244801680e+01 +3.244801680e+01 +3.2511e-01 -1.0600e+00 -1.5237e+00 -1.0613e+00 -1.9556e+00
72 +4.144838070e+00 +4.144838070e+00 +2.441483807e+01 +2.441483807e+01 +1.8923e+00 -7.9847e-01 -3.5876e+00 -2.2977e+00 -2.8407e+00
676 +3.942280340e+00 +3.942280340e+00 +2.421228034e+01 +2.421228034e+01 +2.5741e+00 -2.2726e+00 -2.0290e+00 -1.1911e+00 -3.2243e+00
984 +1.838235487e+00 +1.838235487e+00 +2.210823549e+01 +2.210823549e+01 +3.2842e+00 -1.4317e+00 -3.3887e+00 +5.0558e-01 -2.3557e+00
"function evaluation" "noise-free fitness - Fopt (9.302900000000e+02)" "best noise-free fitness - Fopt" "measured fitness" "best measured fitness" "x1" "x2"
1 +3.193063164e+01 +3.193063164e+01 +9.622206316e+02 +9.622206316e+02 +6.7796e-01 +1.8171e+00 -2.7717e+00 -3.7448e+00 +2.5982e+00
6 +2.408669994e+01 +2.408669994e+01 +9.543766999e+02 +9.543766999e+02 -6.9617e-01 -8.8254e-01 +5.2550e-01 +2.7699e+00 +3.1531e+00
26 +1.565132053e+01 +1.565132053e+01 +9.459413205e+02 +9.459413205e+02 -3.6351e+00 -1.2684e-01 -3.6649e-01 +1.2439e+00 +1.4824e+00
41 +8.803072326e+00 +8.803072326e+00 +9.390930723e+02 +9.390930723e+02 +2.6704e-01 -3.6318e-01 -2.7938e+00 -1.6084e+00 +1.6005e+00
78 +6.287090441e+00 +6.287090441e+00 +9.365770904e+02 +9.365770904e+02 -3.2220e-01 -2.7649e+00 -3.8302e+00 -1.1528e-01 +3.0843e+00
254 +3.170292464e+00 +3.170292464e+00 +9.334602925e+02 +9.334602925e+02 -1.7798e+00 -1.9718e+00 -2.5848e+00 +8.0281e-01 +7.8445e-01
482 +2.503336737e+00 +2.503336737e+00 +9.327933367e+02 +9.327933367e+02 -1.5375e+00 +3.2418e-01 -3.5837e+00 +5.9187e-01 +2.6711e+00
"function evaluation" "noise-free fitness - Fopt (7.786100000000e+02)" "best noise-free fitness - Fopt" "measured fitness" "best measured fitness" "x1" "x2"
1 +9.233761392e+01 +9.233761392e+01 +8.709476139e+02 +8.709476139e+02 +1.1318e+00 +3.4581e+00 -1.5061e+00 +3.5554e+00 -1.5969e+00
3 +5.350877116e+01 +5.350877116e+01 +8.321187712e+02 +8.321187712e+02 -3.4815e-01 -2.3223e-02 +1.5917e+00 -2.5240e+00 -2.5697e+00
6 +1.060442014e+01 +1.060442014e+01 +7.892144201e+02 +7.892144201e+02 -2.9901e+00 -1.8448e+00 -2.9059e+00 -1.7279e+00 +2.1587e-01
20 +3.334480853e+00 +3.334480853e+00 +7.819444809e+02 +7.819444809e+02 -2.4589e+00 -3.4271e+00 -2.9688e+00 -1.1089e+00 -1.9405e+00
842 +1.175816677e+00 +1.175816677e+00 +7.797858167e+02 +7.797858167e+02 -3.8976e+00 -3.3172e+00 -2.4668e+00 +8.3538e-01 -1.5474e+00
"function evaluation" "noise-free fitness - Fopt (-2.051000000000e+01)" "best noise-free fitness - Fopt" "measured fitness" "best measured fitness" "x1" "x2"
1 +6.463055674e+01 +6.463055674e+01 +4.412055674e+01 +4.412055674e+01 -2.3846e+00 -3.2503e+00 -3.4109e+00 -1.8776e+00 +3.5839e+00
2 +3.287231257e+01 +3.287231257e+01 +1.236231257e+01 +1.236231257e+01 +1.5436e+00 +8.0819e-02 +1.1113e+00 -3.0249e+00 +8.2856e-01
8 +8.695814359e+00 +8.695814359e+00 -1.181418564e+01 -1.181418564e+01 -5.6114e-01 +2.2543e+00 +3.2948e+00 -2.8500e+00 +2.3069e+00
86 +2.644346373e+00 +2.644346373e+00 -1.786565363e+01 -1.786565363e+01 -2.7146e+00 +2.6961e+00 +3.1833e+00 -1.8875e+00 +2.3461e+00
107 +1.178042032e+00 +1.178042032e+00 -1.933195797e+01 -1.933195797e+01 -2.4303e+00 +1.8463e+00 +2.2769e+00 -2.6808e+00 +2.2737e+00
"function evaluation" "noise-free fitness - Fopt (-1.000000000000e+03)" "best noise-free fitness - Fopt" "measured fitness" "best measured fitness" "x1" "x2"
1 +1.144706500e+02 +1.144706500e+02 -8.855293500e+02 -8.855293500e+02 -2.6195e+00 -3.2319e+00 +3.1169e+00 -1.2662e+00 +2.3633e+00
2 +5.439527248e+01 +5.439527248e+01 -9.456047275e+02 -9.456047275e+02 -2.7876e+00 +2.0243e+00 +2.2108e+00 -3.4127e+00 -1.0480e+00
7 +2.036359118e+01 +2.036359118e+01 -9.796364088e+02 -9.796364088e+02 +3.6536e+00 +3.6782e+00 -4.3190e-01 -2.4353e+00 +1.2273e+00
9 +7.976150659e+00 +7.976150659e+00 -9.920238493e+02 -9.920238493e+02 +3.2449e+00 +1.0495e+00 -3.1456e+00 -2.7393e-01 -1.8753e+00
132 +4.482407165e+00 +4.482407165e+00 -9.955175928e+02 -9.955175928e+02 +2.1601e+00 +1.8995e+00 -3.3792e+00 -6.4422e-01 -1.7806e+00
253 +3.719580825e+00 +3.719580825e+00 -9.962804192e+02 -9.962804192e+02 +3.2089e+00 +1.2554e+00 -1.6054e+00 -3.0465e+00 -1.8866e+00
"function evaluation" "noise-free fitness - Fopt (-1.730800000000e+02)" "best noise-free fitness - Fopt" "measured fitness" "best measured fitness" "x1" "x2"
1 +2.220983551e+01 +2.220983551e+01 -1.508701645e+02 -1.508701645e+02 -3.3213e+00 -1.9927e+00 +2.0912e+00 -4.1434e-01 +7.7657e-02
51 +1.094985785e+01 +1.094985785e+01 -1.621301421e+02 -1.621301421e+02 -2.5529e+00 -3.2471e+00 -2.7818e-01 +1.2303e+00 +1.0738e+00
391 +7.761922196e+00 +7.761922196e+00 -1.653180778e+02 -1.653180778e+02 -3.9575e+00 -2.8894e+00 -1.3244e+00 +3.7006e+00 +1.2799e+00
442 +3.722949541e+00 +3.722949541e+00 -1.693570505e+02 -1.693570505e+02 -3.9340e+00 -3.8068e+00 +2.4974e+00 +2.9695e+00 +1.5056e+00
"function evaluation" "noise-free fitness - Fopt (5.309000000000e+01)" "best noise-free fitness - Fopt" "measured fitness" "best measured fitness" "x1" "x2"
1 +5.347109757e+01 +5.347109757e+01 +1.065610976e+02 +1.065610976e+02 +6.0313e-01 +1.3704e+00 -2.8998e-01 -1.8161e-01 -2.9068e+00
2 +1.504261833e+01 +1.504261833e+01 +6.813261833e+01 +6.813261833e+01 +4.2227e-01 -1.6045e+00 +1.9619e+00 -3.1723e+00 +1.3196e+00
12 +6.223339061e+00 +6.223339061e+00 +5.931333906e+01 +5.931333906e+01 +6.2925e-01 -2.4237e+00 -1.6609e-01 -3.4029e+00 +1.5832e-01
35 +2.209097703e+00 +2.209097703e+00 +5.529909770e+01 +5.529909770e+01 -8.3054e-01 -2.5860e+00 -4.7594e-01 -3.3154e+00 -2.5018e-01
"function evaluation" "noise-free fitness - Fopt (-1.850700000000e+02)" "best noise-free fitness - Fopt" "measured fitness" "best measured fitness" "x1" "x2"
1 +1.548113579e+01 +1.548113579e+01 -1.695888642e+02 -1.695888642e+02 -2.7484e-02 +2.2936e+00 +2.7088e+00 +8.4509e-01 +2.7803e+00
15 +2.965660945e+00 +2.965660945e+00 -1.821043391e+02 -1.821043391e+02 +1.9665e+00 +2.4597e+00 +2.5300e+00 +3.8364e+00 +2.8870e-01
68 +2.399383843e+00 +2.399383843e+00 -1.826706162e+02 -1.826706162e+02 +6.1862e-01 +2.9065e+00 +1.8557e+00 +1.7083e+00 +1.3277e-01
476 +1.523043001e+00 +1.523043001e+00 -1.835469570e+02 -1.835469570e+02 +9.3185e-01 +3.2965e+00 +2.2402e+00 +3.0935e+00 +9.6566e-01
"function evaluation" "noise-free fitness - Fopt (-1.673500000000e+02)" "best noise-free fitness - Fopt" "measured fitness" "best measured fitness" "x1" "x2"
1 +1.239120485e+02 +1.239120485e+02 -4.343795150e+01 -4.343795150e+01 -3.8231e+00 -9.5982e-01 +3.8410e+00 +2.9886e+00 -5.4320e-01
2 +4.655094754e+00 +4.655094754e+00 -1.626949052e+02 -1.626949052e+02 +2.3680e+00 -2.4018e+00 -3.9247e+00 +1.1826e-01 -2.1581e+00
472 +3.435293915e+00 +3.435293915e+00 -1.639147061e+02 -1.639147061e+02 +2.4690e+00 -2.5617e+00 -3.2553e+00 -4.6584e-01 -5.0163e-01
751 +1.552964250e+00 +1.552964250e+00 -1.657970357e+02 -1.657970357e+02 +2.0451e+00 -1.3610e+00 -3.1222e+00 -1.0710e+00 -8.0945e-01
"function evaluation" "noise-free fitness - Fopt (-2.733000000000e+01)" "best noise-free fitness - Fopt" "measured fitness" "best measured fitness" "x1" "x2"
1 +4.544334102e+01 +4.544334102e+01 +1.811334102e+01 +1.811334102e+01 +3.9097e+00 -2.9448e+00 +3.3230e+00 -9.8523e-01 -1.1266e+00
3 +2.259021800e+01 +2.259021800e+01 -4.739782002e+00 -4.739782002e+00 +9.0920e-01 -5.8073e-01 +5.5271e-01 -1.1050e+00 +2.7659e+00
18 +1.173397024e+01 +1.173397024e+01 -1.559602976e+01 -1.559602976e+01 +3.9671e+00 +1.5158e+00 +6.8704e-01 -1.8636e+00 +1.3281e+00
30 +9.300715435e+00 +9.300715435e+00 -1.802928456e+01 -1.802928456e+01 +3.0137e+00 +3.5332e+00 +7.3813e-01 +4.0212e-01 -8.2302e-01
44 +4.645453343e+00 +4.645453343e+00 -2.268454666e+01 -2.268454666e+01 +3.7610e+00 +3.4941e+00 +2.2931e+00 -1.3346e+00 +2.6232e-01
126 +3.660281014e+00 +3.660281014e+00 -2.366971899e+01 -2.366971899e+01 +1.1162e+00 +3.3225e+00 +3.4265e+00 -6.9515e-01 +1.4485e-02
578 +2.401438501e+00 +2.401438501e+00 -2.492856150e+01 -2.492856150e+01 +3.2958e+00 +2.0941e+00 +2.1157e+00 -4.8218e-02 +1.0949e+00
"function evaluation" "noise-free fitness - Fopt (-2.655800000000e+02)" "best noise-free fitness - Fopt" "measured fitness" "best measured fitness" "x1" "x2"
1 +5.705398257e+01 +5.705398257e+01 -2.085260174e+02 -2.085260174e+02 -2.6195e+00 -3.2319e+00 +3.1169e+00 -1.2662e+00 +2.3633e+00
4 +3.182873864e+01 +3.182873864e+01 -2.337512614e+02 -2.337512614e+02 +2.0235e+00 +3.3879e+00 -2.3892e+00 +2.0212e+00 +3.6395e+00
5 +9.837828513e+00 +9.837828513e+00 -2.557421715e+02 -2.557421715e+02 -2.0797e+00 +1.9971e+00 +1.9889e+00 +3.4803e+00 -1.8407e-01
204 +4.907548498e+00 +4.907548498e+00 -2.606724515e+02 -2.606724515e+02 +2.1094e-01 +1.7885e+00 -1.6447e+00 +1.2644e+00 -3.7915e-01
782 +3.023079286e+00 +3.023079286e+00 -2.625569207e+02 -2.625569207e+02 -7.4919e-01 +5.6891e-01 -7.1388e-01 +1.6058e+00 +1.0961e+00
"function evaluation" "noise-free fitness - Fopt (-5.595000000000e+01)" "best noise-free fitness - Fopt" "measured fitness" "best measured fitness" "x1" "x2"
1 +1.047445404e+02 +1.047445404e+02 +4.879454044e+01 +4.879454044e+01 -3.0817e+00 -3.8635e+00 -3.8801e+00 -3.3353e+00 +3.8312e-02
2 +5.160206290e+01 +5.160206290e+01 -4.347937104e+00 -4.347937104e+00 +3.4814e+00 +3.0149e+00 -1.0910e+00 -9.4623e-01 +2.4333e+00
4 +2.345664998e+01 +2.345664998e+01 -3.249335002e+01 -3.249335002e+01 +3.3353e+00 -9.3263e-01 +2.0948e+00 +6.7140e-01 +7.1608e-01
16 +1.414427768e+01 +1.414427768e+01 -4.180572232e+01 -4.180572232e+01 +2.8404e+00 +1.5091e-01 +2.3973e+00 +1.9835e+00 +4.9123e-01
73 +8.693384393e+00 +8.693384393e+00 -4.725661561e+01 -4.725661561e+01 +8.6149e-01 -1.3781e+00 -8.5430e-01 +2.0000e+00 +1.8129e-02
99 +2.507229741e+00 +2.507229741e+00 -5.344277026e+01 -5.344277026e+01 +1.9320e+00 -7.0815e-01 -7.2554e-02 +3.5338e+00 -2.2809e+00
365 +1.231632673e+00 +1.231632673e+00 -5.471836733e+01 -5.471836733e+01 +1.3820e+00 -3.6725e-01 -3.5827e-01 +3.1135e+00 -1.5026e+00
"function evaluation" "noise-free fitness - Fopt (8.746000000000e+01)" "best noise-free fitness - Fopt" "measured fitness" "best measured fitness" "x1" "x2"
1 +5.869588576e+01 +5.869588576e+01 +1.461558858e+02 +1.461558858e+02 +2.9132e+00 -1.5219e+00 -1.7060e+00 -3.6146e+00 -9.7381e-03
2 +8.395943758e+00 +8.395943758e+00 +9.585594376e+01 +9.585594376e+01 +4.9478e-01 +1.7409e-01 +3.6385e+00 -9.9910e-01 -8.2034e-01
95 +3.260614451e+00 +3.260614451e+00 +9.072061445e+01 +9.072061445e+01 -1.7167e+00 +1.6132e+00 +3.7692e+00 -1.3955e+00 +6.9002e-01
"function evaluation" "noise-free fitness - Fopt (-6.545000000000e+01)" "best noise-free fitness - Fopt" "measured fitness" "best measured fitness" "x1" "x2"
1 +4.372506322e+01 +4.372506322e+01 -2.172493678e+01 -2.172493678e+01 +3.0682e+00 +1.3477e+00 -3.8525e+00 +7.6773e-01 +1.8716e+00
3 +8.837398315e+00 +8.837398315e+00 -5.661260168e+01 -5.661260168e+01 +7.2512e-01 +2.5530e+00 -3.2836e+00 +2.9206e+00 -3.0894e-01
108 +3.042144701e+00 +3.042144701e+00 -6.240785530e+01 -6.240785530e+01 +1.2996e-01 +2.7175e+00 -1.7984e+00 +2.3650e+00 -1.6243e+00
"function evaluation" "noise-free fitness - Fopt (-5.761000000000e+01)" "best noise-free fitness - Fopt" "measured fitness" "best measured fitness" "x1" "x2"
1 +5.895908483e+01 +5.895908483e+01 +1.349084830e+00 +1.349084830e+00 +2.2547e+00 -1.9639e+00 +3.4204e+00 -3.5371e-01 -5.3386e-04
2 +2.400228122e+01 +2.400228122e+01 -3.360771878e+01 -3.360771878e+01 -1.9776e+00 +9.8678e-02 -2.3092e+00 +1.6780e+00 -8.1003e-01
12 +5.903513057e+00 +5.903513057e+00 -5.170648694e+01 -5.170648694e+01 -2.5526e+00 +2.1351e+00 +9.0694e-01 +9.7447e-01 -5.1700e-02
504 +3.636669756e+00 +3.636669756e+00 -5.397333024e+01 -5.397333024e+01 -3.9147e+00 -2.1972e-02 +1.8049e+00 +1.0221e+00 +1.9507e+00
"function evaluation" "noise-free fitness - Fopt (-2.116000000000e+02)" "best noise-free fitness - Fopt" "measured fitness" "best measured fitness" "x1" "x2"
1 +3.918285464e+01 +3.918285464e+01 -1.724171454e+02 -1.724171454e+02 -2.9724e+00 -2.1812e+00 +3.7722e+00 +2.5064e+00 +1.1749e+00
7 +1.794541404e+01 +1.794541404e+01 -1.936545860e+02 -1.936545860e+02 -1.6255e+00 +1.4262e+00 +1.6744e+00 +2.6172e+00 +2.5335e+00
20 +7.270903058e+00 +7.270903058e+00 -2.043290969e+02 -2.043290969e+02 +2.9141e+00 +1.4544e+00 +1.4090e+00 +3.4805e+00 +5.0860e-01
262 +5.392053136e+00 +5.392053136e+00 -2.062079469e+02 -2.062079469e+02 +4.5527e-01 +2.7917e-01 +3.4436e+00 +2.1774e+00 +2.1634e+00
396 +1.044920169e+00 +1.044920169e+00 -2.105550798e+02 -2.105550798e+02 +2.3618e+00 +8.6068e-01 +2.7521e+00 +3.3420e+00 +1.5432e+00
"function evaluation" "noise-free fitness - Fopt (-1.188600000000e+02)" "best noise-free fitness - Fopt" "measured fitness" "best measured fitness" "x1" "x2"
1 +5.029001960e+01 +5.029001960e+01 -6.856998040e+01 -6.856998040e+01 +2.5670e+00 +3.7987e-01 -1.6787e+00 +3.4681e+00 +4.2551e-01
2 +2.966261426e+01 +2.966261426e+01 -8.919738574e+01 -8.919738574e+01 -2.0871e+00 +3.2007e+00 +1.4417e+00 +8.6545e-01 -1.1934e-01
5 +5.776931514e+00 +5.776931514e+00 -1.130830685e+02 -1.130830685e+02 -9.1640e-01 +1.1027e+00 +3.0528e+00 -1.4787e+00 -2.7165e+00
335 +3.744865421e+00 +3.744865421e+00 -1.151151346e+02 -1.151151346e+02 +1.8015e-01 +9.7992e-01 +1.2336e+00 -1.8378e+00 -1.6246e+00
609 +1.834590778e+00 +1.834590778e+00 -1.170254092e+02 -1.170254092e+02 +4.3388e-02 -7.2239e-01 +7.4201e-01 -5.7819e-01 -2.2498e+00
702 +1.529215089e+00 +1.529215089e+00 -1.173307849e+02 -1.173307849e+02 -6.3568e-01 +5.5360e-01 +1.5714e+00 -1.0342e+00 -2.5189e+00
975 +8.229131635e-01 +8.229131635e-01 -1.180370868e+02 -1.180370868e+02 -3.7197e-01 +1.1535e-01 +8.6833e-01 -8.4125e-01 -3.2819e+00
"function evaluation" "noise-free fitness - Fopt (1.830100000000e+02)" "best noise-free fitness - Fopt" "measured fitness" "best measured fitness" "x1" "x2"
1 +3.428075830e+01 +3.428075830e+01 +2.172907583e+02 +2.172907583e+02 -2.4586e+00 +2.6567e+00 -2.2335e+00 +4.0051e-02 +2.1542e+00
11 +1.398779551e+01 +1.398779551e+01 +1.969977955e+02 +1.969977955e+02 -1.7846e+00 +3.9097e+00 -2.4629e+00 -4.3551e-01 -2.5288e-01
94 +8.377232525e+00 +8.377232525e+00 +1.913872325e+02 +1.913872325e+02 -2.2955e+00 +3.8896e+00 -1.3938e+00 +3.3971e+00 -3.6003e+00
113 +3.132598420e+00 +3.132598420e+00 +1.861425984e+02 +1.861425984e+02 -1.9237e+00 +3.7900e+00 -2.0871e+00 +1.8027e+00 -2.3597e+00
388 +1.491493284e+00 +1.491493284e+00 +1.845014933e+02 +1.845014933e+02 -1.8624e+00 +2.0410e+00 -2.7146e+00 +1.1821e+00 -3.0606e+00
"function evaluation" "noise-free fitness - Fopt (1.835200000000e+02)" "best noise-free fitness - Fopt" "measured fitness" "best measured fitness" "x1" "x2"
1 +1.391362338e+01 +1.391362338e+01 +1.974336234e+02 +1.974336234e+02 -3.0817e+00 -3.8635e+00 -3.8801e+00 -3.3353e+00 +3.8312e-02
11 +5.832333213e+00 +5.832333213e+00 +1.893523332e+02 +1.893523332e+02 -4.5924e-01 -1.9580e+00 -1.2725e+00 -1.3077e+00 -4.6423e-01
12 +9.843502471e-01 +9.843502471e-01 +1.845043502e+02 +1.845043502e+02 +3.5115e-01 -3.3870e+00 -3.0466e+00 -2.0735e+00 -4.8523e-01
"function evaluation" "noise-free fitness - Fopt (-5.938400000000e+02)" "best noise-free fitness - Fopt" "measured fitness" "best measured fitness" "x1" "x2"
1 +5.984297066e+01 +5.984297066e+01 -5.339970293e+02 -5.339970293e+02 +2.0178e+00 +3.0718e+00 +3.1508e+00 +3.8720e+00 -3.1348e+00
3 +1.458305709e+01 +1.458305709e+01 -5.792569429e+02 -5.792569429e+02 -4.5265e-01 +5.6556e-01 +2.7480e-01 +3.0295e+00 -1.6317e+00
7 +4.297531650e+00 +4.297531650e+00 -5.895424684e+02 -5.895424684e+02 -6.7389e-01 -6.1190e-01 +9.8190e-01 +2.1726e+00 +1.5546e+00
27 +2.641020484e+00 +2.641020484e+00 -5.911989795e+02 -5.911989795e+02 -3.4715e+00 +1.4426e+00 +6.3115e-01 +2.1507e+00 +1.4457e+00
179 +1.763777660e+00 +1.763777660e+00 -5.920762223e+02 -5.920762223e+02 -2.2171e+00 -2.6811e-01 +1.2858e+00 +2.3993e+00 +4.0306e-01
511 +8.364716343e-01 +8.364716343e-01 -5.930035284e+02 -5.930035284e+02 -1.7510e+00 -2.2477e-01 +7.8427e-01 +2.0509e+00 +1.2538e+00
"function evaluation" "noise-free fitness - Fopt (-1.000000000000e+03)" "best noise-free fitness - Fopt" "measured fitness" "best measured fitness" "x1" "x2"
1 +1.206993989e+01 +1.206993989e+01 -9.879300601e+02 -9.879300601e+02 -2.4586e+00 +2.6567e+00 -2.2335e+00 +4.0051e-02 +2.1542e+00
50 +7.468995512e+00 +7.468995512e+00 -9.925310045e+02 -9.925310045e+02 -2.5669e+00 +2.3100e+00 -2.6092e+00 -1.1617e+00 +1.7164e+00
620 +2.998014036e+00 +2.998014036e+00 -9.970019860e+02 -9.970019860e+02 -3.3924e+00 +3.6260e+00 -3.8360e+00 -3.8522e+00 +1.4264e+00
"function evaluation" "noise-free fitness - Fopt (-2.531000000000e+01)" "best noise-free fitness - Fopt" "measured fitness" "best measured fitness" "x1" "x2"
1 +1.680658631e+02 +1.680658631e+02 +1.427558631e+02 +1.427558631e+02 -3.0817e+00 -3.8635e+00 -3.8801e+00 -3.3353e+00 +3.8312e-02
2 +2.112765671e+01 +2.112765671e+01 -4.182343293e+00 -4.182343293e+00 +3.4814e+00 +3.0149e+00 -1.0910e+00 -9.4623e-01 +2.4333e+00
7 +4.957640708e+00 +4.957640708e+00 -2.035235929e+01 -2.035235929e+01 +3.8514e+00 +2.9512e+00 +2.6899e+00 +2.8585e+00 +3.3824e+00
115 +2.581282869e+00 +2.581282869e+00 -2.272871713e+01 -2.272871713e+01 +3.2129e+00 +2.3822e+00 +1.4236e+00 +3.2454e+00 +1.4585e+00
123 +7.164949598e-01 +7.164949598e-01 -2.459350504e+01 -2.459350504e+01 +3.8855e+00 +2.8477e+00 +8.9266e-01 +2.9624e+00 +2.2399e+00
"function evaluation" "noise-free fitness - Fopt (2.228000000000e+01)" "best noise-free fitness - Fopt" "measured fitness" "best measured fitness" "x1" "x2"
1 +3.420098671e+01 +3.420098671e+01 +5.648098671e+01 +5.648098671e+01 -1.7819e+00 -1.0160e+00 +1.7375e+00 +2.0669e+00 +4.4448e-01
7 +2.408784609e+01 +2.408784609e+01 +4.636784609e+01 +4.636784609e+01 +3.9775e-01 +3.6021e-01 +3.5328e-01 +2.5608e+00 +7.1169e-01
36 +1.449414124e+01 +1.449414124e+01 +3.677414124e+01 +3.677414124e+01 +2.0591e+00 -1.2832e+00 -1.7240e+00 +1.0538e-01 +9.4271e-01
39 +3.910828167e+00 +3.910828167e+00 +2.619082817e+01 +2.619082817e+01 +2.4998e+00 -9.9069e-01 -2.8037e+00 +3.4211e-01 -3.4926e+00
491 +2.302272861e+00 +2.302272861e+00 +2.458227286e+01 +2.458227286e+01 +9.6059e-02 -1.2037e+00 -2.1689e+00 +9.3172e-01 -2.9962e+00
"function evaluation" "noise-free fitness - Fopt (3.561400000000e+02)" "best noise-free fitness - Fopt" "measured fitness" "best measured fitness" "x1" "x2"
1 +4.024301767e+01 +4.024301767e+01 +3.963830177e+02 +3.963830177e+02 +3.6446e-01 -2.0078e+00 -2.9281e+00 -3.6746e+00 +1.2357e-01
8 +1.271351908e+01 +1.271351908e+01 +3.688535191e+02 +3.688535191e+02 -1.0067e+00 -1.4898e+00 -1.6183e+00 +9.0551e-01 +1.9645e+00
76 +2.706821519e+00 +2.706821519e+00 +3.588468215e+02 +3.588468215e+02 +2.8706e+00 -7.4576e-01 -2.9484e+00 +2.7774e+00 +1.5199e+00
136 +2.381036448e+00 +2.381036448e+00 +3.585210364e+02 +3.585210364e+02 +2.6177e-01 -1.1513e+00 -3.8777e+00 +2.7435e+00 +1.8396e+00
171 +7.012112606e-01 +7.012112606e-01 +3.568412113e+02 +3.568412113e+02 +1.3463e+00 -4.3563e-01 -3.4050e+00 +1.7225e+00 +7.8517e-01
"function evaluation" "noise-free fitness - Fopt (-4.757000000000e+02)" "best noise-free fitness - Fopt" "measured fitness" "best measured fitness" "x1" "x2"
1 +7.995959713e+01 +7.995959713e+01 -3.957404029e+02 -3.957404029e+02 -1.5017e+00 +3.7910e+00 -2.0773e+00 -1.9083e+00 -3.4225e+00
5 +2.779703074e+01 +2.779703074e+01 -4.479029693e+02 -4.479029693e+02 +2.3284e+00 -3.6130e+00 +2.0742e+00 +2.9580e+00 +5.1789e-01
8 +1.953077448e+01 +1.953077448e+01 -4.561692255e+02 -4.561692255e+02 +3.4066e+00 -1.8593e-01 +3.4107e+00 +1.8348e+00 -1.7510e+00
41 +1.363289003e+01 +1.363289003e+01 -4.620671100e+02 -4.620671100e+02 -2.9099e+00 -3.3985e+00 +3.4580e+00 +3.5594e+00 -2.0858e+00
96 +8.780383722e+00 +8.780383722e+00 -4.669196163e+02 -4.669196163e+02 -1.8556e+00 -2.1694e+00 +3.0764e+00 +1.3769e+00 -4.2218e-01
159 +6.240041802e+00 +6.240041802e+00 -4.694599582e+02 -4.694599582e+02 -1.3926e+00 -2.0332e+00 +2.4879e+00 +2.8369e+00 -2.9795e+00
160 +2.605520007e+00 +2.605520007e+00 -4.730944800e+02 -4.730944800e+02 -1.8726e+00 +1.7128e-03 +3.8601e+00 +2.9949e+00 -5.3706e-01
282 +2.293665697e+00 +2.293665697e+00 -4.734063343e+02 -4.734063343e+02 -2.1576e+00 -2.6411e-01 +3.1876e+00 +3.3489e+00 -1.8275e+00
"function evaluation" "noise-free fitness - Fopt (-1.000000000000e+03)" "best noise-free fitness - Fopt" "measured fitness" "best measured fitness" "x1" "x2"
1 +7.480170835e+01 +7.480170835e+01 -9.251982916e+02 -9.251982916e+02 -2.7119e-01 -3.1310e+00 -2.8484e-01 -3.2954e+00 -2.8538e+00
5 +7.385980515e+00 +7.385980515e+00 -9.926140195e+02 -9.926140195e+02 -1.8119e+00 +3.2425e+00 +2.3799e+00 -1.1182e+00 -3.0566e+00
83 +5.682387480e+00 +5.682387480e+00 -9.943176125e+02 -9.943176125e+02 -3.0431e+00 +2.5123e+00 +1.7108e+00 -9.8994e-01 -2.2544e+00
180 +1.585560766e+00 +1.585560766e+00 -9.984144392e+02 -9.984144392e+02 -2.8358e+00 +2.9187e+00 +3.5628e+00 -1.5494e+00 -1.1676e+00
"function evaluation" "noise-free fitness - Fopt (-4.158000000000e+01)" "best noise-free fitness - Fopt" "measured fitness" "best measured fitness" "x1" "x2"
1 +6.483904516e+01 +6.483904516e+01 +2.325904516e+01 +2.325904516e+01 +3.3405e-01 -2.1613e+00 -1.4517e+00 +3.3471e+00 +3.8550e+00
2 +3.093404484e+01 +3.093404484e+01 -1.064595516e+01 -1.064595516e+01 +1.1832e+00 +2.6055e+00 -3.2926e-01 -3.2644e+00 +2.4261e+00
4 +4.654943543e+00 +4.654943543e+00 -3.692505646e+01 -3.692505646e+01 +5.1896e-01 +3.3102e+00 -2.8847e+00 -2.0203e+00 -2.9156e-01
89 +3.862916306e+00 +3.862916306e+00 -3.771708369e+01 -3.771708369e+01 +2.0177e+00 +2.7032e+00 -2.6066e+00 -9.8142e-01 -2.0115e+00
167 +2.440376522e+00 +2.440376522e+00 -3.913962348e+01 -3.913962348e+01 +5.7022e-01 +3.9054e+00 -3.1100e+00 -1.1233e+00 -1.6738e+00
863 +1.379746826e+00 +1.379746826e+00 -4.020025317e+01 -4.020025317e+01 +1.2353e+00 +3.0227e+00 -2.2528e+00 -4.7851e-01 -9.8447e-01
