"function evaluation" "noise-free fitness - Fopt (-4.620900000000e+02)" "best noise-free fitness - Fopt" "measured fitness" "best measured fitness" "x1" "x2"
1 +6.439452544e+02 +6.439452544e+02 +1.818552544e+02 +1.818552544e+02 -2.1992e+00 -1.6546e+00 +3.3363e+00 +3.5336e+00 +1.8076e+00
3 +4.587514652e+02 +4.587514652e+02 -3.338534771e+00 -3.338534771e+00 -2.0890e+00 -1.6821e+00 +2.4030e+00 -3.7650e+00 -2.2460e+00
5 +1.937423734e+02 +1.937423734e+02 -2.683476266e+02 -2.683476266e+02 +2.8972e+00 +1.2069e+00 -5.6253e-01 -2.6247e+00 +5.5314e-01
14 +9.900487210e+01 +9.900487210e+01 -3.630851279e+02 -3.630851279e+02 -1.7161e+00 +2.7126e+00 +1.5515e+00 -4.5338e-01 +6.5058e-01
572 +4.354886196e+01 +4.354886196e+01 -4.185411380e+02 -4.185411380e+02 +2.2800e+00 +2.3566e+00 +1.3543e+00 +1.0100e+00 +1.5783e+00
"function evaluation" "noise-free fitness - Fopt (7.766000000000e+01)" "best noise-free fitness - Fopt" "measured fitness" "best measured fitness" "x1" "x2"
1 +9.870604952e+02 +9.870604952e+02 +1.064720495e+03 +1.064720495e+03 +1.3459e+00 +2.8875e+00 +2.2899e+00 -1.7248e-01 +3.2075e+00
3 +5.142853801e+02 +5.142853801e+02 +5.919453801e+02 +5.919453801e+02 +3.9164e+00 -3.7282e-02 -8.9739e-01 -3.2783e+00 +1.1120e+00
10 +9.203699854e+01 +9.203699854e+01 +1.696969985e+02 +1.696969985e+02 +1.6529e+00 +5.8613e-01 +1.4685e+00 +3.5881e+00 +1.5818e+00
27 +4.765499108e+01 +4.765499108e+01 +1.253149911e+02 +1.253149911e+02 +2.6287e+00 +8.8553e-01 +6.6320e-01 +3.8322e+00 +2.2213e+00
316 +3.124316595e+01 +3.124316595e+01 +1.089031660e+02 +1.089031660e+02 -7.0222e-01 -2.3234e+00 +1.2040e+00 +2.4077e+00 +1.7475e+00
"function evaluation" "noise-free fitness - Fopt (1.156800000000e+02)" "best noise-free fitness - Fopt" "measured fitness" "best measured fitness" "x1" "x2"
1 +5.251058330e+02 +5.251058330e+02 +6.407858330e+02 +6.407858330e+02 +3.0077e+00 -7.4898e-01 -2.3619e+00 +1.0990e+00 -2.6483e+00
2 +2.112391030e+02 +2.112391030e+02 +3.269191030e+02 +3.269191030e+02 -1.0761e+00 +3.3589e+00 -3.7280e+00 -3.0201e-01 +1.8363e+00
10 +9.321852466e+01 +9.321852466e+01 +2.088985247e+02 +2.088985247e+02 +2.2099e+00 -1.7713e+00 -1.2110e+00 -1.2516e-02 +3.2477e+00
221 +5.410764879e+01 +5.410764879e+01 +1.697876488e+02 +1.697876488e+02 +2.4517e+00 -2.5088e-01 -7.6107e-01 +3.4018e+00 +2.5989e+00
"function evaluation" "noise-free fitness - Fopt (-3.710000000000e+00)" "best noise-free fitness - Fopt" "measured fitness" "best measured fitness" "x1" "x2"
1 +1.685574363e+03 +1.685574363e+03 +1.681864363e+03 +1.681864363e+03 +4.4397e-01 -2.0015e+00 +3.8168e+00 -2.4683e+00 +3.4494e-01
2 +6.029248205e+02 +6.029248205e+02 +5.992148205e+02 +5.992148205e+02 +3.3171e+00 +2.8145e+00 +1.9922e+00 -3.6545e+00 -1.4278e+00
6 +2.392748296e+02 +2.392748296e+02 +2.355648296e+02 +2.355648296e+02 +2.7568e-02 +1.4308e-01 -5.6548e-01 -1.8984e+00 +2.5055e+00
12 +1.128322602e+02 +1.128322602e+02 +1.091222602e+02 +1.091222602e+02 +3.1222e+00 -1.4839e+00 +9.2949e-01 +1.2329e+00 +1.2156e+00
33 +7.441291584e+01 +7.441291584e+01 +7.070291584e+01 +7.070291584e+01 -1.8719e+00 -3.0097e+00 -5.2440e-01 +3.7148e+00 +2.4136e+00
120 +4.653236161e+01 +4.653236161e+01 +4.282236161e+01 +4.282236161e+01 +1.3202e+00 -1.8890e+00 +2.2257e-01 +3.5323e+00 +3.2431e+00
"function evaluation" "noise-free fitness - Fopt (1.321800000000e+02)" "best noise-free fitness - Fopt" "measured fitness" "best measured fitness" "x1" "x2"
1 +4.329633027e+02 +4.329633027e+02 +5.651433027e+02 +5.651433027e+02 +3.0077e+00 -7.4898e-01 -2.3619e+00 +1.0990e+00 -2.6483e+00
2 +2.373616439e+02 +2.373616439e+02 +3.695416439e+02 +3.695416439e+02 -1.0761e+00 +3.3589e+00 -3.7280e+00 -3.0201e-01 +1.8363e+00
8 +1.326434770e+02 +1.326434770e+02 +2.648234770e+02 +2.648234770e+02 +9.2392e-01 -1.0127e+00 +2.0480e+00 -1.2649e+00 +4.6243e-01
37 +3.817971752e+01 +3.817971752e+01 +1.703597175e+02 +1.703597175e+02 +1.9048e+00 +2.2879e+00 +2.8278e+00 -2.6825e+00 +1.5347e+00
"function evaluation" "noise-free fitness - Fopt (-5.847300000000e+02)" "best noise-free fitness - Fopt" "measured fitness" "best measured fitness" "x1" "x2"
1 +9.986274237e+02 +9.986274237e+02 +4.138974237e+02 +4.138974237e+02 +1.5012e+00 -2.7441e+00 +1.5075e+00 -1.1634e+00 +1.6380e+00
3 +3.203693153e+02 +3.203693153e+02 -2.643606847e+02 -2.643606847e+02 -1.2567e+00 +1.5450e+00 -3.5890e+00 -1.1913e+00 -2.4829e+00
10 +1.433224987e+02 +1.433224987e+02 -4.414075013e+02 -4.414075013e+02 +1.4955e+00 -2.4371e+00 +1.9159e-01 -1.6014e+00 -1.3884e+00
39 +9.012923618e+01 +9.012923618e+01 -4.946007638e+02 -4.946007638e+02 -2.8640e+00 -3.1020e+00 +1.9054e+00 -3.5816e+00 -1.7148e-01
71 +4.592305772e+01 +4.592305772e+01 -5.388069423e+02 -5.388069423e+02 +6.7179e-01 -9.5300e-01 +2.0404e+00 -2.9982e+00 -1.4867e-02
"function evaluation" "noise-free fitness - Fopt (-3.654000000000e+01)" "best noise-free fitness - Fopt" "measured fitness" "best measured fitness" "x1" "x2"
1 +1.542173163e+03 +1.542173163e+03 +1.505633163e+03 +1.505633163e+03 +1.5012e+00 -2.7441e+00 +1.5075e+00 -1.1634e+00 +1.6380e+00
3 +2.186998378e+02 +2.186998378e+02 +1.821598378e+02 +1.821598378e+02 -1.2567e+00 +1.5450e+00 -3.5890e+00 -1.1913e+00 -2.4829e+00
18 +1.351074153e+02 +1.351074153e+02 +9.856741535e+01 +9.856741535e+01 -2.8995e+00 -3.5973e+00 -2.4359e+00 -2.7468e+00 -1.5003e+00
52 +6.593813351e+01 +6.593813351e+01 +2.939813351e+01 +2.939813351e+01 -4.4218e-01 -2.9814e+00 +2.4424e-01 +1.4324e+00 +7.4035e-01
167 +5.719939194e+01 +5.719939194e+01 +2.065939194e+01 +2.065939194e+01 +7.4180e-02 -2.3097e+00 -1.5672e-01 +4.8018e-01 +6.0870e-01
"function evaluation" "noise-free fitness - Fopt (1.000000000000e+03)" "best noise-free fitness - Fopt" "measured fitness" "best measured fitness" "x1" "x2"
1 +3.728966118e+03 +3.728966118e+03 +4.728966118e+03 +4.728966118e+03 +3.8691e+00 +1.7786e+00 +3.0875e+00 -1.1127e+00 -2.7968e+00
2 +1.835797185e+02 +1.835797185e+02 +1.183579718e+03 +1.183579718e+03 +2.2611e+00 -2.1051e+00 +3.0483e-01 +3.7478e+00 -2.7807e-02
36 +6.118949645e+01 +6.118949645e+01 +1.061189496e+03 +1.061189496e+03 +6.2078e-01 -1.6236e+00 -4.3705e-01 +2.2536e+00 +7.6586e-01
140 +3.343313301e+01 +3.343313301e+01 +1.033433133e+03 +1.033433133e+03 +8.2456e-01 -2.1587e-01 -5.7704e-01 +3.0948e+00 +2.2894e+00
"function evaluation" "noise-free fitness - Fopt (4.661000000000e+01)" "best noise-free fitness - Fopt" "measured fitness" "best measured fitness" "x1" "x2"
1 +6.835835050e+03 +6.835835050e+03 +6.882445050e+03 +6.882445050e+03 -1.4311e+00 +1.9166e+00 -8.4958e-01 -3.6501e+00 +3.4155e+00
2 +6.273353286e+02 +6.273353286e+02 +6.739453286e+02 +6.739453286e+02 +2.3072e+00 -3.5225e+00 +1.9969e+00 -3.1742e-01 -3.4420e+00
9 +1.817369594e+02 +1.817369594e+02 +2.283469594e+02 +2.283469594e+02 +1.7238e+00 +1.6209e+00 -5.7654e-01 +2.4879e+00 -1.9419e+00
37 +9.576993320e+01 +9.576993320e+01 +1.423799332e+02 +1.423799332e+02 -6.3990e-01 +1.4029e+00 -1.4632e+00 +3.3568e+00 +6.9533e-01
147 +6.299113652e+01 +6.299113652e+01 +1.096011365e+02 +1.096011365e+02 -2.2302e+00 +2.8773e-01 +9.1281e-01 +2.3964e+00 +7.3808e-01
"function evaluation" "noise-free fitness - Fopt (-2.643100000000e+02)" "best noise-free fitness - Fopt" "measured fitness" "best measured fitness" "x1" "x2"
1 +8.429766005e+01 +8.429766005e+01 -1.800123399e+02 -1.800123399e+02 +8.4943e-01 -1.5630e+00 +2.3573e+00 -2.4011e+00 +2.0066e+00
370 +5.654161718e+01 +5.654161718e+01 -2.077683828e+02 -2.077683828e+02 +1.3809e+00 -3.4915e+00 +2.1902e+00 +1.2469e+00 +2.5138e+00
412 +3.347257683e+01 +3.347257683e+01 -2.308374232e+02 -2.308374232e+02 +2.3692e+00 -1.7799e-02 +2.8117e+00 -9.0548e-01 +1.9227e+00
"function evaluation" "noise-free fitness - Fopt (7.273000000000e+01)" "best noise-free fitness - Fopt" "measured fitness" "best measured fitness" "x1" "x2"
1 +5.681212730e+03 +5.681212730e+03 +5.753942730e+03 +5.753942730e+03 -3.9993e+00 -2.0008e+00 +1.8770e+00 +1.1772e+00 +3.9159e+00
2 +4.267038992e+02 +4.267038992e+02 +4.994338992e+02 +4.994338992e+02 +2.4597e-01 +3.1199e+00 +2.9884e+00 +2.1395e+00 -1.6104e+00
4 +1.702551113e+02 +1.702551113e+02 +2.429851113e+02 +2.429851113e+02 -1.0464e+00 -3.0716e+00 -2.0745e+00 -1.0062e+00 +6.2495e-01
8 +1.131601261e+02 +1.131601261e+02 +1.858901261e+02 +1.858901261e+02 +3.1110e+00 +1.4851e+00 +4.3567e-01 +5.6326e-01 +5.3730e-01
68 +8.402407920e+01 +8.402407920e+01 +1.567540792e+02 +1.567540792e+02 -1.4416e+00 -1.0934e+00 +1.0480e+00 +1.7112e+00 +5.9549e-01
384 +5.725684973e+01 +5.725684973e+01 +1.299868497e+02 +1.299868497e+02 -1.3679e+00 -8.3873e-01 +6.3272e-01 +1.2800e+00 +5.0480e-01
492 +1.911007517e+01 +1.911007517e+01 +9.184007517e+01 +9.184007517e+01 +2.5924e+00 -3.6413e+00 +1.4651e+00 +8.7570e-01 +9.3467e-01
"function evaluation" "noise-free fitness - Fopt (1.368700000000e+02)" "best noise-free fitness - Fopt" "measured fitness" "best measured fitness" "x1" "x2"
1 +1.482565689e+02 +1.482565689e+02 +2.851265689e+02 +2.851265689e+02 +5.3750e-01 +3.3619e+00 +2.2016e+00 -3.3648e+00 -4.0574e-01
63 +8.003486337e+01 +8.003486337e+01 +2.169048634e+02 +2.169048634e+02 +3.8462e+00 +1.3644e+00 +3.4139e+00 +1.7623e-01 -3.6889e-01
223 +5.960124957e+01 +5.960124957e+01 +1.964712496e+02 +1.964712496e+02 +2.2982e+00 +2.2394e+00 +2.8992e+00 +1.9207e+00 +2.4810e-01
"function evaluation" "noise-free fitness - Fopt (2.196000000000e+01)" "best noise-free fitness - Fopt" "measured fitness" "best measured fitness" "x1" "x2"
1 +4.028118706e+02 +4.028118706e+02 +4.247718706e+02 +4.247718706e+02 -3.1353e+00 -7.5427e-02 -2.9163e+00 +3.8135e+00 -2.4898e+00
4 +1.651544655e+02 +1.651544655e+02 +1.871144655e+02 +1.871144655e+02 -1.9074e+00 +2.7365e+00 +1.7010e+00 +8.3749e-01 +1.6383e-01
9 +1.473034398e+02 +1.473034398e+02 +1.692634398e+02 +1.692634398e+02 +5.6658e-01 -1.4214e+00 -3.0698e-01 -1.0497e+00 +1.7789e+00
26 +9.195502087e+01 +9.195502087e+01 +1.139150209e+02 +1.139150209e+02 +2.0291e+00 +9.2260e-01 -1.5231e+00 +3.2479e+00 +2.5250e+00
129 +5.939531021e+01 +5.939531021e+01 +8.135531021e+01 +8.135531021e+01 +2.3484e+00 -1.7958e+00 +1.9164e+00 +2.3433e+00 +2.4551e+00
"function evaluation" "noise-free fitness - Fopt (-2.139000000000e+01)" "best noise-free fitness - Fopt" "measured fitness" "best measured fitness" "x1" "x2"
1 +1.466989713e+03 +1.466989713e+03 +1.445599713e+03 +1.445599713e+03 +3.8691e+00 +1.7786e+00 +3.0875e+00 -1.1127e+00 -2.7968e+00
2 +4.186849956e+02 +4.186849956e+02 +3.972949956e+02 +3.972949956e+02 +2.2611e+00 -2.1051e+00 +3.0483e-01 +3.7478e+00 -2.7807e-02
4 +3.829748818e+02 +3.829748818e+02 +3.615848818e+02 +3.615848818e+02 -3.1219e-02 -1.4042e+00 +1.2817e+00 -2.1658e+00 -3.9682e+00
5 +2.367284497e+02 +2.367284497e+02 +2.153384497e+02 +2.153384497e+02 +1.8688e+00 +1.8233e+00 +5.9092e-01 +1.8367e+00 -7.5051e-02
8 +8.345363420e+01 +8.345363420e+01 +6.206363420e+01 +6.206363420e+01 +2.4359e+00 +1.6069e+00 -4.0299e-01 -3.2084e+00 +3.5810e-01
165 +3.888673400e+01 +3.888673400e+01 +1.749673400e+01 +1.749673400e+01 +1.0644e+00 +5.4644e-01 +5.8128e-01 -2.8234e+00 +9.3769e-01
"function evaluation" "noise-free fitness - Fopt (5.176600000000e+02)" "best noise-free fitness - Fopt" "measured fitness" "best measured fitness" "x1" "x2"
1 +2.615285768e+03 +2.615285768e+03 +3.132945768e+03 +3.132945768e+03 -2.1992e+00 -1.6546e+00 +3.3363e+00 +3.5336e+00 +1.8076e+00
3 +1.486887471e+03 +1.486887471e+03 +2.004547471e+03 +2.004547471e+03 -2.0890e+00 -1.6821e+00 +2.4030e+00 -3.7650e+00 -2.2460e+00
5 +2.799141041e+02 +2.799141041e+02 +7.975741041e+02 +7.975741041e+02 +2.8972e+00 +1.2069e+00 -5.6253e-01 -2.6247e+00 +5.5314e-01
16 +1.652215427e+02 +1.652215427e+02 +6.828815427e+02 +6.828815427e+02 -1.0063e+00 -1.8277e+00 -2.1561e+00 +3.2280e+00 +6.4753e-01
22 +1.530466225e+02 +1.530466225e+02 +6.707066225e+02 +6.707066225e+02 +3.2706e+00 -2.3628e+00 +8.0800e-01 +3.3454e+00 -1.6514e-01
44 +7.819556188e+01 +7.819556188e+01 +5.958555619e+02 +5.958555619e+02 +2.2133e+00 -1.2677e+00 -1.0392e+00 +3.8233e+00 +1.3059e+00
569 +6.072032056e+01 +6.072032056e+01 +5.783803206e+02 +5.783803206e+02 +3.8332e+00 +2.7115e+00 -1.4870e+00 +2.9167e+00 +1.6444e+00
"function evaluation" "noise-free fitness - Fopt (-1.375500000000e+02)" "best noise-free fitness - Fopt" "measured fitness" "best measured fitness" "x1" "x2"
1 +1.451858243e+02 +1.451858243e+02 +7.635824316e+00 +7.635824316e+00 +1.1963e+00 +1.6875e+00 -1.6286e+00 -1.1557e+00 +2.5413e+00
27 +9.199662515e+01 +9.199662515e+01 -4.555337485e+01 -4.555337485e+01 -1.3718e+00 -2.9293e-01 +1.0562e+00 +9.1476e-01 +3.6655e+00
453 +5.030288794e+01 +5.030288794e+01 -8.724711206e+01 -8.724711206e+01 +1.4534e+00 +1.5198e+00 +8.4506e-01 +1.1569e+00 +3.4939e+00
"function evaluation" "noise-free fitness - Fopt (-1.009800000000e+02)" "best noise-free fitness - Fopt" "measured fitness" "best measured fitness" "x1" "x2"
1 +6.619251142e+02 +6.619251142e+02 +5.609451142e+02 +5.609451142e+02 -3.1353e+00 -7.5427e-02 -2.9163e+00 +3.8135e+00 -2.4898e+00
2 +1.383795927e+02 +1.383795927e+02 +3.739959270e+01 +3.739959270e+01 +4.0253e-02 +1.3503e+00 -2.5298e+00 -3.8209e+00 +3.1130e+00
9 +9.597234403e+01 +9.597234403e+01 -5.007655967e+00 -5.007655967e+00 +5.6658e-01 -1.4214e+00 -3.0698e-01 -1.0497e+00 +1.7789e+00
936 +3.944472095e+01 +3.944472095e+01 -6.153527905e+01 -6.153527905e+01 +1.2518e+00 +2.8399e+00 -1.8545e-01 -2.9000e+00 +2.6173e+00
"function evaluation" "noise-free fitness - Fopt (3.234000000000e+01)" "best noise-free fitness - Fopt" "measured fitness" "best measured fitness" "x1" "x2"
1 +1.005411446e+03 +1.005411446e+03 +1.037751446e+03 +1.037751446e+03 -3.6985e+00 -4.1010e-01 +1.9352e+00 +2.7365e+00 +1.9508e+00
2 +2.859002251e+02 +2.859002251e+02 +3.182402251e+02 +3.182402251e+02 +4.1341e-01 -2.4752e+00 +4.9307e-01 -2.1825e+00 -2.6976e+00
3 +1.672627117e+02 +1.672627117e+02 +1.996027117e+02 +1.996027117e+02 +2.0224e+00 -1.8893e+00 -7.1283e-02 +3.7095e-01 -4.1576e-01
4 +1.454908872e+02 +1.454908872e+02 +1.778308872e+02 +1.778308872e+02 -3.3481e+00 -1.3936e+00 +1.1759e+00 +2.7131e-01 -1.6046e+00
12 +6.331601104e+01 +6.331601104e+01 +9.565601104e+01 +9.565601104e+01 +4.9685e-01 +1.6218e-01 +3.3765e+00 +1.0718e+00 +2.3112e-02
270 +6.217172982e+01 +6.217172982e+01 +9.451172982e+01 +9.451172982e+01 -3.3598e+00 +2.4628e+00 +3.9896e+00 -1.1378e+00 +4.3372e-01
676 +3.105259835e+01 +3.105259835e+01 +6.339259835e+01 +6.339259835e+01 +3.7668e-01 +1.6903e-01 +3.9292e+00 -3.7743e-01 +1.0018e+00
"function evaluation" "noise-free fitness - Fopt (6.109800000000e+02)" "best noise-free fitness - Fopt" "measured fitness" "best measured fitness" "x1" "x2"
1 +7.076222643e+01 +7.076222643e+01 +6.817422264e+02 +6.817422264e+02 +2.4827e+00 +9.7049e-02 +1.2208e+00 +3.0154e+00 -2.8289e-01
142 +5.964810477e+01 +5.964810477e+01 +6.706281048e+02 +6.706281048e+02 +3.8316e+00 -2.7190e+00 +1.9163e+00 +1.2049e+00 -4.2012e-01
"function evaluation" "noise-free fitness - Fopt (6.117000000000e+01)" "best noise-free fitness - Fopt" "measured fitness" "best measured fitness" "x1" "x2"
1 +2.065801955e+02 +2.065801955e+02 +2.677501955e+02 +2.677501955e+02 -1.4313e+00 -1.7855e+00 +8.5609e-01 -1.3440e+00 -2.8467e+00
7 +8.403754406e+01 +8.403754406e+01 +1.452075441e+02 +1.452075441e+02 -3.9274e+00 -1.9023e+00 -2.1090e+00 -3.4206e+00 +6.2071e-01
"function evaluation" "noise-free fitness - Fopt (2.169000000000e+01)" "best noise-free fitness - Fopt" "measured fitness" "best measured fitness" "x1" "x2"
1 +3.231711865e+03 +3.231711865e+03 +3.253401865e+03 +3.253401865e+03 +1.1963e+00 +1.6875e+00 -1.6286e+00 -1.1557e+00 +2.5413e+00
2 +1.370979940e+02 +1.370979940e+02 +1.587879940e+02 +1.587879940e+02 +1.0604e-01 +3.4579e+00 -1.7790e+00 -2.5899e-01 -2.9325e-01
67 +8.962617241e+01 +8.962617241e+01 +1.113161724e+02 +1.113161724e+02 +5.4397e-01 -1.8630e+00 +3.2577e+00 -1.6720e+00 -5.7307e-01
170 +2.591306022e+01 +2.591306022e+01 +4.760306022e+01 +4.760306022e+01 +1.4432e+00 -1.3635e+00 +2.8175e+00 -2.9132e-01 +3.6851e-01
"function evaluation" "noise-free fitness - Fopt (8.232000000000e+01)" "best noise-free fitness - Fopt" "measured fitness" "best measured fitness" "x1" "x2"
1 +2.113336970e+02 +2.113336970e+02 +2.936536970e+02 +2.936536970e+02 -1.4411e+00 +2.9678e+00 -1.1525e+00 +2.0957e+00 +1.2063e+00
4 +1.140674025e+02 +1.140674025e+02 +1.963874025e+02 +1.963874025e+02 -2.9330e+00 -2.0286e+00 +4.8232e-01 +3.0286e+00 +1.0104e+00
91 +8.893960011e+01 +8.893960011e+01 +1.712596001e+02 +1.712596001e+02 -1.2319e+00 +8.3544e-01 +3.5993e-01 +1.2638e+00 -5.6081e-01
344 +4.423155034e+01 +4.423155034e+01 +1.265515503e+02 +1.265515503e+02 +2.6085e+00 -5.2505e-01 -2.1068e+00 +2.8773e+00 +5.4435e-01
"function evaluation" "noise-free fitness - Fopt (2.034600000000e+02)" "best noise-free fitness - Fopt" "measured fitness" "best measured fitness" "x1" "x2"
1 +2.890370177e+03 +2.890370177e+03 +3.093830177e+03 +3.093830177e+03 +6.1616e-01 +2.0689e-01 -1.5161e+00 +3.1485e-01 +2.8152e+00
2 +3.498465034e+02 +3.498465034e+02 +5.533065034e+02 +5.533065034e+02 -1.9674e+00 +2.4799e+00 -4.3714e-01 +5.4320e-01 -3.9827e+00
4 +1.965317858e+02 +1.965317858e+02 +3.999917858e+02 +3.999917858e+02 -3.3302e+00 +1.4761e-01 +8.1098e-01 +3.1159e+00 -2.0770e+00
17 +1.448336656e+02 +1.448336656e+02 +3.482936656e+02 +3.482936656e+02 +1.7888e+00 +5.6868e-01 -1.1743e+00 -6.6058e-01 +2.6193e-01
28 +9.838506345e+01 +9.838506345e+01 +3.018450635e+02 +3.018450635e+02 +2.0015e+00 +2.6350e+00 +5.3085e-01 +7.0754e-01 -3.9581e-01
786 +4.956774826e+01 +4.956774826e+01 +2.530277483e+02 +2.530277483e+02 -7.0255e-01 +3.3450e+00 +7.4942e-01 +1.7221e+00 +7.1248e-01
"function evaluation" "noise-free fitness - Fopt (-1.000000000000e+03)" "best noise-free fitness - Fopt" "measured fitness" "best measured fitness" "x1" "x2"
1 +2.574617441e+02 +2.574617441e+02 -7.425382559e+02 -7.425382559e+02 +8.4943e-01 -1.5630e+00 +2.3573e+00 -2.4011e+00 +2.0066e+00
18 +1.931044256e+02 +1.931044256e+02 -8.068955744e+02 -8.068955744e+02 -5.6714e-01 +1.7865e+00 -3.2668e+00 +3.6268e+00 +6.5420e-01
19 +1.415151109e+02 +1.415151109e+02 -8.584848891e+02 -8.584848891e+02 -8.8772e-01 -2.8324e+00 +8.1252e-01 +2.0421e+00 +1.7276e-01
42 +8.259302967e+01 +8.259302967e+01 -9.174069703e+02 -9.174069703e+02 -6.9960e-01 -3.2782e+00 +1.8099e+00 +2.8847e+00 +1.7784e+00
429 +5.868210101e+01 +5.868210101e+01 -9.413178990e+02 -9.413178990e+02 -1.7590e-01 -3.4038e+00 +2.1674e+00 +2.4418e+00 +2.0285e+00
509 +3.776537948e+01 +3.776537948e+01 -9.622346205e+02 -9.622346205e+02 -1.0849e+00 -1.0038e+00 +2.2803e+00 +2.7926e+00 +1.8797e+00
"function evaluation" "noise-free fitness - Fopt (-2.091000000000e+01)" "best noise-free fitness - Fopt" "measured fitness" "best measured fitness" "x1" "x2"
1 +2.042247129e+03 +2.042247129e+03 +2.021337129e+03 +2.021337129e+03 -3.7935e-01 -2.3823e+00 +2.5078e+00 +3.5082e+00 -3.2062e+00
3 +1.117765407e+03 +1.117765407e+03 +1.096855407e+03 +1.096855407e+03 +2.9837e+00 +3.5963e+00 +9.0724e-01 -2.8081e+00 +2.5289e+00
8 +8.794864173e+02 +8.794864173e+02 +8.585764173e+02 +8.585764173e+02 +5.1594e-01 -9.7623e-01 +1.6519e+00 -3.1770e+00 -3.3441e-01
9 +1.097237597e+02 +1.097237597e+02 +8.881375966e+01 +8.881375966e+01 -1.9446e+00 +4.6506e-01 -5.8065e-01 +9.6968e-01 -6.0438e-02
12 +6.135141486e+01 +6.135141486e+01 +4.044141486e+01 +4.044141486e+01 -4.8162e-01 +2.6456e+00 -3.2138e-01 +6.9778e-01 +1.6983e+00
"function evaluation" "noise-free fitness - Fopt (1.150000000000e+01)" "best noise-free fitness - Fopt" "measured fitness" "best measured fitness" "x1" "x2"
1 +3.724849093e+02 +3.724849093e+02 +3.839849093e+02 +3.839849093e+02 +2.5642e+00 -3.1397e+00 -2.3839e+00 -2.7106e+00 +3.8787e+00
6 +1.296383605e+02 +1.296383605e+02 +1.411383605e+02 +1.411383605e+02 +2.4666e-01 -2.1605e+00 +3.6245e-01 -1.0142e+00 +1.6425e+00
135 +7.727989876e+01 +7.727989876e+01 +8.877989876e+01 +8.877989876e+01 +9.7153e-02 -3.6650e-01 +6.2173e-01 +3.1466e-01 +2.9653e+00
792 +6.054993957e+01 +6.054993957e+01 +7.204993957e+01 +7.204993957e+01 +1.2843e+00 +1.8615e-02 +1.8947e+00 +1.6014e-01 +3.1463e+00
"function evaluation" "noise-free fitness - Fopt (6.630000000000e+01)" "best noise-free fitness - Fopt" "measured fitness" "best measured fitness" "x1" "x2"
1 +3.488771896e+02 +3.488771896e+02 +4.151771896e+02 +4.151771896e+02 +8.4943e-01 -1.5630e+00 +2.3573e+00 -2.4011e+00 +2.0066e+00
4 +1.613648315e+02 +1.613648315e+02 +2.276648315e+02 +2.276648315e+02 -8.7581e-01 -1.6795e+00 +2.5174e+00 -1.7409e+00 -1.3989e+00
22 +1.382413086e+02 +1.382413086e+02 +2.045413086e+02 +2.045413086e+02 -1.5931e-01 +3.9409e+00 +1.9559e+00 -1.5900e+00 +1.3948e+00
39 +8.359864283e+01 +8.359864283e+01 +1.498986428e+02 +1.498986428e+02 -3.0438e+00 +2.0122e+00 +1.9828e+00 -3.5918e+00 +1.3871e+00
81 +6.260280856e+01 +6.260280856e+01 +1.289028086e+02 +1.289028086e+02 +1.9452e-01 -1.4242e+00 +2.6889e+00 -2.8103e+00 +1.5612e-01
"function evaluation" "noise-free fitness - Fopt (4.634000000000e+01)" "best noise-free fitness - Fopt" "measured fitness" "best measured fitness" "x1" "x2"
1 +8.110308611e+03 +8.110308611e+03 +8.156648611e+03 +8.156648611e+03 +3.6819e+00 +3.2157e+00 +1.6436e+00 +2.4555e+00 +3.3696e+00
2 +2.432533160e+03 +2.432533160e+03 +2.478873160e+03 +2.478873160e+03 +2.5974e+00 -3.7283e+00 -4.2851e-02 +2.1244e-01 +2.2730e+00
4 +1.991941024e+02 +1.991941024e+02 +2.455341024e+02 +2.455341024e+02 +2.5678e+00 -1.0046e+00 +4.5544e-01 -2.8043e+00 -1.2284e+00
12 +1.198463092e+02 +1.198463092e+02 +1.661863092e+02 +1.661863092e+02 +5.3739e-01 +4.8789e-03 +1.4461e+00 -9.6072e-01 -8.3910e-01
32 +9.228516446e+01 +9.228516446e+01 +1.386251645e+02 +1.386251645e+02 +3.7788e-01 +6.5769e-01 -2.8294e-01 +1.4764e+00 +2.1683e-02
42 +5.932038335e+01 +5.932038335e+01 +1.056603833e+02 +1.056603833e+02 -1.5784e-01 +3.0913e+00 +1.5566e+00 -1.7417e-01 -3.2228e-01
"function evaluation" "noise-free fitness - Fopt (-2.104000000000e+01)" "best noise-free fitness - Fopt" "measured fitness" "best measured fitness" "x1" "x2"
1 +3.243132593e+03 +3.243132593e+03 +3.222092593e+03 +3.222092593e+03 +3.4975e+00 +3.8843e+00 +2.9952e+00 -3.2775e+00 +2.7034e+00
2 +3.176524100e+02 +3.176524100e+02 +2.966124100e+02 +2.966124100e+02 -2.4450e+00 -7.8494e-01 -2.9135e+00 -2.6672e+00 +1.2570e+00
4 +1.172828539e+02 +1.172828539e+02 +9.624285393e+01 +9.624285393e+01 -2.6428e+00 +5.4028e-01 -2.7065e+00 +3.1397e+00 +1.7842e+00
13 +7.727001940e+01 +7.727001940e+01 +5.623001940e+01 +5.623001940e+01 +7.7814e-01 -1.0141e+00 +2.4307e-01 +2.5154e+00 +1.1648e+00
81 +4.978181234e+01 +4.978181234e+01 +2.874181234e+01 +2.874181234e+01 +2.1365e+00 +2.4301e+00 -5.8315e-01 +3.9315e+00 +1.8082e+00
"function evaluation" "noise-free fitness - Fopt (5.098000000000e+01)" "best noise-free fitness - Fopt" "measured fitness" "best measured fitness" "x1" "x2"
1 +1.353223097e+03 +1.353223097e+03 +1.404203097e+03 +1.404203097e+03 +3.6678e+00 -7.3855e-01 -1.0777e+00 -2.1505e+00 -2.6614e+00
2 +1.187520414e+02 +1.187520414e+02 +1.697320414e+02 +1.697320414e+02 -2.8149e+00 +2.0132e+00 +2.9043e-01 -1.2465e+00 -1.7348e+00
10 +8.128571623e+01 +8.128571623e+01 +1.322657162e+02 +1.322657162e+02 -2.5750e+00 -1.4078e+00 +1.2763e+00 -3.3400e+00 -1.4236e+00
221 +5.232692782e+01 +5.232692782e+01 +1.033069278e+02 +1.033069278e+02 -2.8567e+00 +1.7506e+00 +3.4780e+00 -2.8433e+00 -4.7896e-01
"function evaluation" "noise-free fitness - Fopt (-3.578000000000e+01)" "best noise-free fitness - Fopt" "measured fitness" "best measured fitness" "x1" "x2"
1 +3.791361743e+03 +3.791361743e+03 +3.755581743e+03 +3.755581743e+03 +2.3252e+00 -6.2686e-01 -3.5394e+00 +3.0312e-01 +3.0405e+00
2 +9.318958523e+01 +9.318958523e+01 +5.740958523e+01 +5.740958523e+01 +1.6498e-01 -2.4914e+00 +2.5097e+00 +3.7277e+00 -4.0461e-01
228 +3.927304410e+01 +3.927304410e+01 +3.493044100e+00 +3.493044100e+00 -1.5802e+00 -9.7018e-01 +2.4074e+00 +1.6023e+00 +2.5410e-01
"function evaluation" "noise-free fitness - Fopt (-3.774000000000e+01)" "best noise-free fitness - Fopt" "measured fitness" "best measured fitness" "x1" "x2"
1 +8.293774390e+03 +8.293774390e+03 +8.256034390e+03 +8.256034390e+03 -3.2272e+00 -5.2803e-01 -1.2498e+00 +3.9534e+00 +3.5001e+00
2 +2.885220015e+03 +2.885220015e+03 +2.847480015e+03 +2.847480015e+03 -4.6153e-01 +3.2090e+00 -2.5320e+00 +1.2097e+00 +2.4863e+00
3 +1.765105371e+03 +1.765105371e+03 +1.727365371e+03 +1.727365371e+03 +2.7489e+00 -3.6324e+00 -8.2834e-01 +2.2077e+00 +1.8546e+00
4 +3.367846450e+02 +3.367846450e+02 +2.990446450e+02 +2.990446450e+02 +2.2486e+00 +3.4204e+00 -1.5266e-01 +3.8401e+00 -1.6334e-01
9 +2.022328463e+02 +2.022328463e+02 +1.644928463e+02 +1.644928463e+02 +6.0978e-02 +1.1723e+00 -9.8920e-01 +5.8348e-01 -2.2409e+00
18 +1.406347067e+02 +1.406347067e+02 +1.028947067e+02 +1.028947067e+02 +1.2476e+00 +7.4348e-02 -1.2663e+00 +1.7884e-01 -9.9819e-01
114 +6.593767401e+01 +6.593767401e+01 +2.819767401e+01 +2.819767401e+01 -9.0005e-02 +9.5687e-01 -7.4110e-01 -1.7627e+00 +4.4953e-02
489 +4.514861020e+01 +4.514861020e+01 +7.408610201e+00 +7.408610201e+00 +2.6005e+00 +1.9873e+00 -7.6444e-01 -3.0402e+00 +8.4044e-01
"function evaluation" "noise-free fitness - Fopt (1.330200000000e+02)" "best noise-free fitness - Fopt" "measured fitness" "best measured fitness" "x1" "x2"
1 +1.897594205e+02 +1.897594205e+02 +3.227794205e+02 +3.227794205e+02 +3.1485e+00 +1.8263e+00 -6.3974e-01 -1.2422e+00 -1.4988e+00
33 +1.230212085e+02 +1.230212085e+02 +2.560412085e+02 +2.560412085e+02 -1.8846e+00 -3.6511e+00 +2.2949e-01 +3.5181e+00 +1.0566e+00
45 +8.088008595e+01 +8.088008595e+01 +2.139000860e+02 +2.139000860e+02 +3.1647e+00 -7.4215e-01 -1.9219e+00 +1.3472e+00 +3.5515e-01
181 +4.514210774e+01 +4.514210774e+01 +1.781621077e+02 +1.781621077e+02 +1.9544e+00 +6.1707e-03 +7.1839e-01 +1.2647e+00 +1.1763e+00
"function evaluation" "noise-free fitness - Fopt (-1.742300000000e+02)" "best noise-free fitness - Fopt" "measured fitness" "best measured fitness" "x1" "x2"
1 +2.136360254e+02 +2.136360254e+02 +3.940602538e+01 +3.940602538e+01 -1.8214e+00 +2.7014e-01 +1.9705e+00 +1.5183e+00 +2.1659e+00
30 +1.211959221e+02 +1.211959221e+02 -5.303407790e+01 -5.303407790e+01 -3.8552e+00 -2.2346e+00 +9.0278e-01 -2.7530e+00 +2.8476e+00
69 +9.110335257e+01 +9.110335257e+01 -8.312664743e+01 -8.312664743e+01 +7.3230e-01 -3.0565e+00 +9.2071e-01 -2.4283e+00 +1.7762e+00
"function evaluation" "noise-free fitness - Fopt (6.380000000000e+00)" "best noise-free fitness - Fopt" "measured fitness" "best measured fitness" "x1" "x2"
1 +1.627358068e+02 +1.627358068e+02 +1.691158068e+02 +1.691158068e+02 +5.9110e-01 +1.2441e+00 -1.6293e+00 +3.1058e+00 -1.2653e+00
10 +1.176323378e+02 +1.176323378e+02 +1.240123378e+02 +1.240123378e+02 +2.1663e+00 -3.1389e+00 +1.2778e+00 +2.5215e+00 +5.7171e-01
145 +6.234890734e+01 +6.234890734e+01 +6.872890734e+01 +6.872890734e+01 -1.1771e+00 +3.0167e+00 -3.1552e-01 +2.0407e+00 +1.1654e+00
"function evaluation" "noise-free fitness - Fopt (1.437000000000e+01)" "best noise-free fitness - Fopt" "measured fitness" "best measured fitness" "x1" "x2"
1 +4.639426065e+02 +4.639426065e+02 +4.783126065e+02 +4.783126065e+02 +8.7116e-01 -2.8359e+00 +2.4198e+00 -1.5419e+00 -2.5740e+00
2 +2.990524212e+02 +2.990524212e+02 +3.134224212e+02 +3.134224212e+02 +2.5066e+00 +3.9285e+00 -3.1581e+00 +3.2009e+00 +3.7006e+00
4 +1.134211763e+02 +1.134211763e+02 +1.277911763e+02 +1.277911763e+02 +3.1723e+00 +2.3179e+00 +1.3356e+00 +7.3542e-01 +2.9944e+00
58 +9.510054147e+01 +9.510054147e+01 +1.094705415e+02 +1.094705415e+02 +2.2416e+00 +1.5151e+00 +7.9507e-01 +5.2223e-01 +2.7693e+00
671 +4.986648383e+01 +4.986648383e+01 +6.423648383e+01 +6.423648383e+01 +3.3052e+00 +2.6590e+00 +1.5973e+00 -3.7908e-01 +2.9008e+00
"function evaluation" "noise-free fitness - Fopt (-3.260000000000e+00)" "best noise-free fitness - Fopt" "measured fitness" "best measured fitness" "x1" "x2"
1 +9.608330393e+03 +9.608330393e+03 +9.605070393e+03 +9.605070393e+03 +3.3834e-02 -1.2797e+00 +9.8585e-02 +2.9546e+00 +3.8870e+00
2 +4.318020363e+02 +4.318020363e+02 +4.285420363e+02 +4.285420363e+02 +8.3482e-01 +3.1249e+00 -1.4139e+00 +2.5751e+00 +1.1067e+00
7 +3.933457227e+02 +3.933457227e+02 +3.900857227e+02 +3.900857227e+02 +7.1247e-01 -2.6566e+00 -1.2057e+00 +3.0809e+00 +7.2601e-01
26 +2.157789946e+02 +2.157789946e+02 +2.125189946e+02 +2.125189946e+02 -2.3635e+00 +4.5936e-01 +4.9666e-01 +9.7430e-01 +4.0993e-01
31 +9.777023058e+01 +9.777023058e+01 +9.451023058e+01 +9.451023058e+01 +3.9914e+00 +1.4966e+00 -8.2027e-01 -2.0511e+00 +3.6972e-01
47 +4.202816494e+01 +4.202816494e+01 +3.876816494e+01 +3.876816494e+01 -1.3655e+00 +1.5963e+00 +1.2554e+00 -3.9161e+00 +2.0476e-02
439 +3.375385821e+01 +3.375385821e+01 +3.049385821e+01 +3.049385821e+01 +2.8154e+00 +1.8615e+00 -3.8181e-01 -3.6132e+00 +7.9542e-01
"function evaluation" "noise-free fitness - Fopt (-2.056200000000e+02)" "best noise-free fitness - Fopt" "measured fitness" "best measured fitness" "x1" "x2"
1 +1.774955265e+03 +1.774955265e+03 +1.569335265e+03 +1.569335265e+03 -3.9778e-01 +2.0633e+00 +3.5328e+00 +2.2944e+00 -6.7196e-01
2 +1.952793080e+02 +1.952793080e+02 -1.034069202e+01 -1.034069202e+01 -1.4509e+00 +1.9279e+00 -7.6785e-01 -3.8794e-01 -2.1601e+00
7 +1.565990699e+02 +1.565990699e+02 -4.902093013e+01 -4.902093013e+01 -2.8691e-01 +2.4604e+00 -2.6914e+00 -5.8127e-01 +1.5511e+00
77 +9.207973567e+01 +9.207973567e+01 -1.135402643e+02 -1.135402643e+02 -3.5665e+00 +2.9073e+00 -9.0668e-01 -1.7894e+00 +2.7557e-01
739 +6.306017021e+01 +6.306017021e+01 -1.425598298e+02 -1.425598298e+02 +4.7990e-01 +1.8643e+00 +1.2709e+00 +9.9708e-01 +1.1427e+00
"function evaluation" "noise-free fitness - Fopt (2.877200000000e+02)" "best noise-free fitness - Fopt" "measured fitness" "best measured fitness" "x1" "x2"
1 +1.188405690e+04 +1.188405690e+04 +1.217177690e+04 +1.217177690e+04 +2.2216e+00 -1.3604e+00 +3.0630e+00 +3.6798e+00 +3.8256e+00
2 +1.134665475e+03 +1.134665475e+03 +1.422385475e+03 +1.422385475e+03 -3.6352e+00 -2.4922e+00 +2.3640e+00 +3.4338e+00 -1.5616e+00
4 +8.517144007e+02 +8.517144007e+02 +1.139434401e+03 +1.139434401e+03 -2.1459e+00 +2.4446e+00 +1.9929e+00 +1.6162e+00 -2.7867e+00
6 +2.629205742e+02 +2.629205742e+02 +5.506405742e+02 +5.506405742e+02 -2.9010e+00 +2.0479e+00 -3.5565e+00 -2.9068e+00 -1.4746e-01
7 +1.269867300e+02 +1.269867300e+02 +4.147067300e+02 +4.147067300e+02 -2.2619e+00 -3.1256e+00 -1.2817e+00 +6.5585e-01 +8.7686e-01
120 +9.723006488e+01 +9.723006488e+01 +3.849500649e+02 +3.849500649e+02 +8.8710e-01 -3.6239e+00 -1.5655e+00 +3.6599e+00 +6.7861e-01
128 +4.836253443e+01 +4.836253443e+01 +3.360825344e+02 +3.360825344e+02 +2.4841e+00 +2.6150e-01 +5.8119e-01 +8.1851e-02 -3.0700e-01
"function evaluation" "noise-free fitness - Fopt (7.524000000000e+01)" "best noise-free fitness - Fopt" "measured fitness" "best measured fitness" "x1" "x2"
1 +9.026936235e+02 +9.026936235e+02 +9.779336235e+02 +9.779336235e+02 +2.3593e+00 -2.6396e-01 +2.0438e+00 -1.2815e+00 -7.8551e-01
2 +8.340795443e+01 +8.340795443e+01 +1.586479544e+02 +1.586479544e+02 -2.1596e+00 -1.7552e-01 -2.2506e-01 -2.5326e+00 +3.7359e+00
267 +3.933258871e+01 +3.933258871e+01 +1.145725887e+02 +1.145725887e+02 +2.0830e+00 +6.0500e-01 +6.1647e-02 -3.2615e+00 +3.5228e+00
"function evaluation" "noise-free fitness - Fopt (-4.174000000000e+01)" "best noise-free fitness - Fopt" "measured fitness" "best measured fitness" "x1" "x2"
1 +4.103191621e+03 +4.103191621e+03 +4.061451621e+03 +4.061451621e+03 -2.2784e+00 +1.3591e+00 +3.7539e+00 +3.2692e+00 -6.4731e-01
2 +4.750625144e+02 +4.750625144e+02 +4.333225144e+02 +4.333225144e+02 -2.8047e+00 +1.2354e+00 +8.4022e-01 -2.3790e+00 -2.9974e-02
6 +7.508460248e+01 +7.508460248e+01 +3.334460248e+01 +3.334460248e+01 +1.6114e+00 +1.0718e+00 -4.7609e-01 +1.5391e+00 +1.2296e+00
35 +4.158286130e+01 +4.158286130e+01 -1.571386957e-01 -1.571386957e-01 +1.1249e+00 -3.3589e+00 -1.4512e+00 +2.5560e+00 +7.6649e-01
"function evaluation" "noise-free fitness - Fopt (-4.948600000000e+02)" "best noise-free fitness - Fopt" "measured fitness" "best measured fitness" "x1" "x2"
1 +3.755453131e+02 +3.755453131e+02 -1.193146869e+02 -1.193146869e+02 +8.7116e-01 -2.8359e+00 +2.4198e+00 -1.5419e+00 -2.5740e+00
4 +1.081035813e+02 +1.081035813e+02 -3.867564187e+02 -3.867564187e+02 +3.1723e+00 +2.3179e+00 +1.3356e+00 +7.3542e-01 +2.9944e+00
96 +8.948242281e+01 +8.948242281e+01 -4.053775772e+02 -4.053775772e+02 -2.6643e+00 -3.5868e+00 +2.5405e+00 -2.0464e-01 +2.8006e+00
593 +6.266634058e+01 +6.266634058e+01 -4.321936594e+02 -4.321936594e+02 +8.4566e-02 -1.0006e+00 +3.2035e+00 +9.8773e-01 +2.8433e+00
"function evaluation" "noise-free fitness - Fopt (3.484000000000e+02)" "best noise-free fitness - Fopt" "measured fitness" "best measured fitness" "x1" "x2"
1 +6.650330098e+02 +6.650330098e+02 +1.013433010e+03 +1.013433010e+03 -1.7046e+00 +2.5228e+00 -2.7067e+00 +3.1560e+00 -1.3557e+00
2 +3.863636612e+02 +3.863636612e+02 +7.347636612e+02 +7.347636612e+02 -1.6942e+00 +3.0732e+00 -2.9754e+00 -3.0582e+00 -1.5858e+00
3 +1.176910346e+02 +1.176910346e+02 +4.660910346e+02 +4.660910346e+02 -2.3501e+00 -9.6255e-01 -1.6152e+00 -2.4971e+00 +2.9663e+00
54 +7.202509843e+01 +7.202509843e+01 +4.204250984e+02 +4.204250984e+02 -9.8828e-01 +1.1773e+00 -2.4620e+00 -3.6058e+00 +3.6415e+00
728 +6.070307827e+01 +6.070307827e+01 +4.091030783e+02 +4.091030783e+02 +1.0976e+00 +1.6140e+00 -2.4806e-01 -2.9358e+00 +3.2672e+00
"function evaluation" "noise-free fitness - Fopt (3.770000000000e+00)" "best noise-free fitness - Fopt" "measured fitness" "best measured fitness" "x1" "x2"
1 +2.165582354e+02 +2.165582354e+02 +2.203282354e+02 +2.203282354e+02 -2.7554e+00 -1.8484e+00 -2.6251e+00 +2.9795e+00 +1.5970e+00
2 +1.539076425e+02 +1.539076425e+02 +1.576776425e+02 +1.576776425e+02 +5.1948e-01 -1.3941e+00 -2.0399e+00 +1.2626e+00 +2.0417e+00
14 +7.493655057e+01 +7.493655057e+01 +7.870655057e+01 +7.870655057e+01 +2.5912e+00 -3.5710e+00 +3.1232e+00 +9.8348e-01 +2.7330e+00
102 +5.537772171e+01 +5.537772171e+01 +5.914772171e+01 +5.914772171e+01 -1.2018e-02 -2.6263e+00 +2.1819e+00 +2.7794e+00 +2.2057e+00
"function evaluation" "noise-free fitness - Fopt (3.770000000000e+01)" "best noise-free fitness - Fopt" "measured fitness" "best measured fitness" "x1" "x2"
1 +9.558607473e+02 +9.558607473e+02 +9.935607473e+02 +9.935607473e+02 +3.5995e+00 +5.2900e-01 -1.5676e+00 +3.8147e-01 -2.0494e-01
2 +4.089143294e+02 +4.089143294e+02 +4.466143294e+02 +4.466143294e+02 -3.0883e+00 -2.1432e+00 -3.5938e+00 +2.2098e+00 +4.7533e-01
9 +2.320545941e+02 +2.320545941e+02 +2.697545941e+02 +2.697545941e+02 -3.8686e+00 +1.8839e+00 +2.3229e+00 -2.8684e+00 -9.2511e-01
15 +1.403292639e+02 +1.403292639e+02 +1.780292639e+02 +1.780292639e+02 -1.3963e+00 -1.3152e+00 +2.4670e+00 -3.4163e+00 -1.9932e-02
35 +9.281636688e+01 +9.281636688e+01 +1.305163669e+02 +1.305163669e+02 -1.2331e+00 +4.5183e-01 +6.0315e-01 -3.3516e+00 +2.0626e+00
61 +5.675850572e+01 +5.675850572e+01 +9.445850572e+01 +9.445850572e+01 +1.8741e-01 -1.3603e-01 +2.3502e+00 -1.7706e+00 +2.0138e+00
"function evaluation" "noise-free fitness - Fopt (6.956900000000e+02)" "best noise-free fitness - Fopt" "measured fitness" "best measured fitness" "x1" "x2"
1 +2.604420019e+02 +2.604420019e+02 +9.561320019e+02 +9.561320019e+02 -1.3917e+00 -3.3162e+00 +3.1891e+00 -1.5813e+00 -2.0635e+00
3 +2.415489735e+02 +2.415489735e+02 +9.372389735e+02 +9.372389735e+02 -2.8374e+00 -3.5960e+00 +5.2361e-01 -7.1132e-01 -1.5758e+00
15 +1.278695571e+02 +1.278695571e+02 +8.235595571e+02 +8.235595571e+02 +2.0996e+00 -2.6330e+00 +1.4731e+00 +3.1135e-01 -8.9663e-02
29 +9.884302442e+01 +9.884302442e+01 +7.945330244e+02 +7.945330244e+02 +3.0980e+00 -1.4265e+00 +1.5426e+00 +2.8790e+00 -5.3672e-01
930 +5.179341319e+01 +5.179341319e+01 +7.474834132e+02 +7.474834132e+02 +8.9908e-02 -1.1660e+00 +3.2255e+00 +2.4100e+00 +2.4040e-01
"function evaluation" "noise-free fitness - Fopt (-1.180300000000e+02)" "best noise-free fitness - Fopt" "measured fitness" "best measured fitness" "x1" "x2"
1 +1.325892487e+03 +1.325892487e+03 +1.207862487e+03 +1.207862487e+03 +2.3593e+00 -2.6396e-01 +2.0438e+00 -1.2815e+00 -7.8551e-01
2 +7.238848004e+01 +7.238848004e+01 -4.564151996e+01 -4.564151996e+01 -2.1596e+00 -1.7552e-01 -2.2506e-01 -2.5326e+00 +3.7359e+00
131 +6.072502149e+01 +6.072502149e+01 -5.730497851e+01 -5.730497851e+01 +7.0135e-01 +2.8203e+00 -2.1299e+00 -2.8352e+00 +2.8417e+00
"function evaluation" "noise-free fitness - Fopt (4.816000000000e+01)" "best noise-free fitness - Fopt" "measured fitness" "best measured fitness" "x1" "x2"
1 +8.039018068e+02 +8.039018068e+02 +8.520618068e+02 +8.520618068e+02 +3.5995e+00 +5.2900e-01 -1.5676e+00 +3.8147e-01 -2.0494e-01
2 +3.008454761e+02 +3.008454761e+02 +3.490054761e+02 +3.490054761e+02 -3.0883e+00 -2.1432e+00 -3.5938e+00 +2.2098e+00 +4.7533e-01
3 +2.440463698e+02 +2.440463698e+02 +2.922063698e+02 +2.922063698e+02 +2.1242e+00 -5.3526e-01 +3.9299e+00 +1.1357e+00 +1.3595e+00
15 +1.231783615e+02 +1.231783615e+02 +1.713383615e+02 +1.713383615e+02 -1.3963e+00 -1.3152e+00 +2.4670e+00 -3.4163e+00 -1.9932e-02
29 +6.144654675e+01 +6.144654675e+01 +1.096065468e+02 +1.096065468e+02 -2.6011e+00 -1.0002e+00 +2.8618e+00 -9.2693e-01 +8.8112e-01
"function evaluation" "noise-free fitness - Fopt (8.384000000000e+01)" "best noise-free fitness - Fopt" "measured fitness" "best measured fitness" "x1" "x2"
1 +1.445308920e+03 +1.445308920e+03 +1.529148920e+03 +1.529148920e+03 +3.1994e+00 +1.0502e+00 +3.2126e+00 +1.7814e+00 -3.8855e+00
4 +8.110444075e+02 +8.110444075e+02 +8.948844075e+02 +8.948844075e+02 -2.0465e+00 +2.4082e+00 +1.0226e+00 -2.2212e+00 +2.3860e+00
7 +1.825532780e+02 +1.825532780e+02 +2.663932780e+02 +2.663932780e+02 -1.9921e+00 -1.1214e+00 -2.5317e+00 +3.0787e+00 +1.1413e+00
8 +1.161782077e+02 +1.161782077e+02 +2.000182077e+02 +2.000182077e+02 -1.3988e+00 +3.0321e+00 +1.6096e-01 -2.4451e+00 +9.1208e-01
23 +8.242747783e+01 +8.242747783e+01 +1.662674778e+02 +1.662674778e+02 +1.1162e+00 +1.9525e+00 +7.7481e-01 +5.1106e-01 +1.7629e-02
555 +5.178065602e+01 +5.178065602e+01 +1.356206560e+02 +1.356206560e+02 -2.3313e-01 +2.5252e-01 +1.2765e+00 +3.8393e-01 +7.6309e-01
"function evaluation" "noise-free fitness - Fopt (1.536000000000e+01)" "best noise-free fitness - Fopt" "measured fitness" "best measured fitness" "x1" "x2"
1 +4.942364690e+02 +4.942364690e+02 +5.095964690e+02 +5.095964690e+02 +2.3069e+00 +3.6738e+00 -3.8062e+00 +1.9092e+00 -9.5415e-01
2 +3.310943585e+02 +3.310943585e+02 +3.464543585e+02 +3.464543585e+02 -2.1920e+00 -3.3301e+00 +1.4015e+00 -1.7247e+00 -1.9343e+00
3 +2.259699227e+02 +2.259699227e+02 +2.413299227e+02 +2.413299227e+02 +1.2521e+00 -3.2486e+00 -8.4712e-01 -2.2685e-01 +6.6271e-01
44 +1.486978079e+02 +1.486978079e+02 +1.640578079e+02 +1.640578079e+02 +1.5326e+00 +1.6560e+00 -3.3253e+00 -1.4215e+00 +2.5084e+00
72 +9.384303036e+01 +9.384303036e+01 +1.092030304e+02 +1.092030304e+02 -2.3731e+00 -8.2614e-01 +2.4166e+00 -3.4358e+00 +1.1402e+00
579 +5.859698851e+01 +5.859698851e+01 +7.395698851e+01 +7.395698851e+01 +9.9835e-01 +9.4942e-01 +1.7629e+00 -2.0708e+00 +2.4147e+00
"function evaluation" "noise-free fitness - Fopt (6.438000000000e+01)" "best noise-free fitness - Fopt" "measured fitness" "best measured fitness" "x1" "x2"
1 +1.485002317e+02 +1.485002317e+02 +2.128802317e+02 +2.128802317e+02 +6.7796e-01 +1.8171e+00 -2.7717e+00 -3.7448e+00 +2.5982e+00
5 +9.153576640e+01 +9.153576640e+01 +1.559157664e+02 +1.559157664e+02 -3.2357e+00 +1.1157e+00 +2.1369e+00 -3.2035e+00 +2.8315e+00
"function evaluation" "noise-free fitness - Fopt (2.824800000000e+02)" "best noise-free fitness - Fopt" "measured fitness" "best measured fitness" "x1" "x2"
1 +2.173218685e+02 +2.173218685e+02 +4.998018685e+02 +4.998018685e+02 -3.3213e+00 -1.9927e+00 +2.0912e+00 -4.1434e-01 +7.7657e-02
2 +1.430948701e+02 +1.430948701e+02 +4.255748701e+02 +4.255748701e+02 +1.0190e+00 -7.1821e-01 +1.3108e+00 -3.6818e-01 +1.6125e+00
93 +8.233763674e+01 +8.233763674e+01 +3.648176367e+02 +3.648176367e+02 -1.7394e+00 -3.1419e+00 -4.7980e-01 +2.7587e+00 +2.7116e+00
"function evaluation" "noise-free fitness - Fopt (4.826100000000e+02)" "best noise-free fitness - Fopt" "measured fitness" "best measured fitness" "x1" "x2"
1 +4.742823168e+02 +4.742823168e+02 +9.568923168e+02 +9.568923168e+02 +1.3733e+00 -2.3614e+00 -3.1497e-01 +9.3043e-01 -3.2896e+00
5 +3.396313455e+02 +3.396313455e+02 +8.222413455e+02 +8.222413455e+02 -3.6372e+00 +9.5970e-02 -3.7399e+00 -9.1998e-01 -2.7520e+00
7 +1.840898433e+02 +1.840898433e+02 +6.666998433e+02 +6.666998433e+02 -1.6916e+00 -1.2452e-01 -2.3538e+00 -1.2927e-01 +8.3172e-01
58 +9.194872938e+01 +9.194872938e+01 +5.745587294e+02 +5.745587294e+02 -8.3223e-01 -2.1593e+00 +3.3594e-01 -3.0337e+00 -1.1621e-01
511 +5.423297660e+01 +5.423297660e+01 +5.368429766e+02 +5.368429766e+02 +7.9418e-01 +3.0236e-01 +9.0643e-01 -2.5861e+00 -4.7869e-01
"function evaluation" "noise-free fitness - Fopt (7.177000000000e+01)" "best noise-free fitness - Fopt" "measured fitness" "best measured fitness" "x1" "x2"
1 +2.105481459e+02 +2.105481459e+02 +2.823181459e+02 +2.823181459e+02 +3.2981e+00 -1.0943e+00 -1.3182e+00 -3.4662e+00 +1.5325e+00
5 +1.499125167e+02 +1.499125167e+02 +2.216825167e+02 +2.216825167e+02 +3.4393e+00 -2.5926e+00 -1.3211e+00 +2.5559e+00 -8.4501e-01
45 +9.066194071e+01 +9.066194071e+01 +1.624319407e+02 +1.624319407e+02 +3.1675e+00 +1.3494e+00 +1.4006e+00 -1.5051e+00 +3.0241e-01
75 +5.923451586e+01 +5.923451586e+01 +1.310045159e+02 +1.310045159e+02 +1.0403e+00 +1.3144e+00 -7.2410e-01 +6.9902e-01 +1.4583e+00
"function evaluation" "noise-free fitness - Fopt (8.448800000000e+02)" "best noise-free fitness - Fopt" "measured fitness" "best measured fitness" "x1" "x2"
1 +2.987276556e+02 +2.987276556e+02 +1.143607656e+03 +1.143607656e+03 -4.0873e-01 +3.8637e+00 -3.3900e+00 +1.5558e+00 +3.5642e+00
3 +1.856957327e+02 +1.856957327e+02 +1.030575733e+03 +1.030575733e+03 +2.7217e+00 -1.4995e+00 +1.6633e+00 +3.2899e+00 +7.4667e-01
4 +6.902063682e+01 +6.902063682e+01 +9.139006368e+02 +9.139006368e+02 +3.2795e+00 -1.2132e-01 +2.2858e+00 +2.1024e+00 +3.0999e+00
85 +5.541727455e+01 +5.541727455e+01 +9.002972746e+02 +9.002972746e+02 +8.8283e-01 -1.1975e-01 +1.2919e+00 -2.4188e-01 +2.9991e+00
"function evaluation" "noise-free fitness - Fopt (-4.222000000000e+01)" "best noise-free fitness - Fopt" "measured fitness" "best measured fitness" "x1" "x2"
1 +4.135135083e+02 +4.135135083e+02 +3.712935083e+02 +3.712935083e+02 +3.2981e+00 -1.0943e+00 -1.3182e+00 -3.4662e+00 +1.5325e+00
2 +3.031847459e+02 +3.031847459e+02 +2.609647459e+02 +2.609647459e+02 -1.6450e+00 +2.1702e+00 -3.6611e+00 +8.5888e-01 -7.5840e-01
10 +1.887284609e+02 +1.887284609e+02 +1.465084609e+02 +1.465084609e+02 +1.5056e+00 +1.2684e+00 -1.9753e+00 +3.3617e+00 +1.7996e+00
13 +1.036359528e+02 +1.036359528e+02 +6.141595275e+01 +6.141595275e+01 -3.9724e+00 -1.5828e+00 +1.4262e+00 +6.8005e-01 +1.7782e+00
74 +9.293513745e+01 +9.293513745e+01 +5.071513745e+01 +5.071513745e+01 -3.8265e+00 -2.2097e+00 +8.5359e-01 -1.3993e+00 +1.1452e+00
403 +5.904376024e+01 +5.904376024e+01 +1.682376024e+01 +1.682376024e+01 +7.7305e-01 -9.3092e-01 +1.9311e+00 +1.2104e+00 +2.0947e+00
"function evaluation" "noise-free fitness - Fopt (-9.179000000000e+01)" "best noise-free fitness - Fopt" "measured fitness" "best measured fitness" "x1" "x2"
1 +7.425789389e+02 +7.425789389e+02 +6.507889389e+02 +6.507889389e+02 -1.8993e+00 +2.9331e+00 +3.7203e+00 +2.5682e+00 -3.8265e+00
2 +5.875869242e+02 +5.875869242e+02 +4.957969242e+02 +4.957969242e+02 +3.7228e-01 -1.6929e+00 -1.8210e+00 +3.3764e+00 -1.5606e+00
7 +1.871029710e+02 +1.871029710e+02 +9.531297101e+01 +9.531297101e+01 -1.9138e+00 -1.1636e+00 -3.1401e-01 +1.4099e+00 +2.2185e+00
9 +1.550477637e+02 +1.550477637e+02 +6.325776366e+01 +6.325776366e+01 -1.5482e+00 +3.0723e+00 +2.5827e+00 +1.9476e+00 +3.2674e+00
26 +6.660906738e+01 +6.660906738e+01 -2.518093262e+01 -2.518093262e+01 -3.5230e+00 +2.0463e+00 +3.6064e+00 -1.2778e+00 +3.6763e+00
376 +5.921185320e+01 +5.921185320e+01 -3.257814680e+01 -3.257814680e+01 -4.6970e-01 +1.1907e-01 +3.5941e+00 -2.4879e+00 +3.3329e+00
"function evaluation" "noise-free fitness - Fopt (-1.277000000000e+01)" "best noise-free fitness - Fopt" "measured fitness" "best measured fitness" "x1" "x2"
1 +3.093269952e+02 +3.093269952e+02 +2.965569952e+02 +2.965569952e+02 -3.2458e+00 +4.6639e-01 -3.3580e-01 +1.8793e+00 -2.4556e+00
2 +2.236014650e+02 +2.236014650e+02 +2.108314650e+02 +2.108314650e+02 -3.5133e+00 +2.6683e+00 +1.6714e+00 +1.0216e-01 -2.1741e+00
9 +1.301003262e+02 +1.301003262e+02 +1.173303262e+02 +1.173303262e+02 -4.4495e-01 +7.0804e-01 +2.6585e-01 -7.9419e-02 -6.9568e-01
14 +5.801095296e+01 +5.801095296e+01 +4.524095296e+01 +4.524095296e+01 +1.6852e+00 +3.0088e+00 +1.8318e-01 +3.0682e-01 +9.2034e-01
"function evaluation" "noise-free fitness - Fopt (-1.000000000000e+03)" "best noise-free fitness - Fopt" "measured fitness" "best measured fitness" "x1" "x2"
1 +8.974177988e+02 +8.974177988e+02 -1.025822012e+02 -1.025822012e+02 -1.8993e+00 +2.9331e+00 +3.7203e+00 +2.5682e+00 -3.8265e+00
2 +2.703947389e+02 +2.703947389e+02 -7.296052611e+02 -7.296052611e+02 +3.7228e-01 -1.6929e+00 -1.8210e+00 +3.3764e+00 -1.5606e+00
16 +1.450049718e+02 +1.450049718e+02 -8.549950282e+02 -8.549950282e+02 -2.6672e+00 +5.2867e-01 +4.9135e-01 -1.5976e+00 +8.8906e-01
81 +7.704596559e+01 +7.704596559e+01 -9.229540344e+02 -9.229540344e+02 +6.7523e-01 -1.9779e+00 +2.4998e+00 -1.6869e+00 +9.9489e-01
377 +4.983552904e+01 +4.983552904e+01 -9.501644710e+02 -9.501644710e+02 -5.2138e-02 -1.9625e+00 -2.3048e-01 -1.4331e+00 +1.4498e+00
"function evaluation" "noise-free fitness - Fopt (-1.000000000000e+03)" "best noise-free fitness - Fopt" "measured fitness" "best measured fitness" "x1" "x2"
1 +4.663208034e+02 +4.663208034e+02 -5.336791966e+02 -5.336791966e+02 +3.2480e+00 -1.8241e+00 -2.4925e+00 -1.9588e+00 +1.0560e+00
10 +2.231147600e+02 +2.231147600e+02 -7.768852400e+02 -7.768852400e+02 -1.2353e+00 +2.4446e+00 -2.9160e+00 +1.6541e+00 -1.6306e+00
21 +1.084880111e+02 +1.084880111e+02 -8.915119889e+02 -8.915119889e+02 +8.4212e-01 -5.4504e-01 +1.3998e-01 +2.9224e+00 -4.5875e-01
48 +9.950466934e+01 +9.950466934e+01 -9.004953307e+02 -9.004953307e+02 +1.2588e+00 +3.6505e+00 +1.7359e+00 +3.6856e+00 -9.5320e-01
70 +4.758096722e+01 +4.758096722e+01 -9.524190328e+02 -9.524190328e+02 +2.4435e+00 +1.5719e+00 -4.7575e-02 +3.9862e+00 +7.3171e-01
"function evaluation" "noise-free fitness - Fopt (1.000000000000e+03)" "best noise-free fitness - Fopt" "measured fitness" "best measured fitness" "x1" "x2"
1 +2.303009281e+03 +2.303009281e+03 +3.303009281e+03 +3.303009281e+03 +6.7796e-01 +1.8171e+00 -2.7717e+00 -3.7448e+00 +2.5982e+00
2 +3.157930668e+02 +3.157930668e+02 +1.315793067e+03 +1.315793067e+03 -3.8282e-01 +2.6350e+00 -1.2733e+00 -2.9946e+00 -1.5853e+00
3 +1.661379724e+02 +1.661379724e+02 +1.166137972e+03 +1.166137972e+03 -1.7690e+00 +3.0415e+00 +1.0495e+00 +1.0007e+00 +1.3974e-01
12 +1.205453782e+02 +1.205453782e+02 +1.120545378e+03 +1.120545378e+03 -7.4647e-02 +2.4849e+00 -3.5086e+00 +8.4475e-01 +8.9761e-01
80 +4.908849979e+01 +4.908849979e+01 +1.049088500e+03 +1.049088500e+03 -2.9266e-01 +4.1405e-01 +2.0058e-01 +2.9544e+00 +1.8992e-01
776 +3.664089049e+01 +3.664089049e+01 +1.036640890e+03 +1.036640890e+03 -5.4066e-01 +1.9395e+00 -5.2816e-01 +3.2209e+00 +4.9975e-01
"function evaluation" "noise-free fitness - Fopt (-1.846000000000e+01)" "best noise-free fitness - Fopt" "measured fitness" "best measured fitness" "x1" "x2"
1 +4.235724890e+02 +4.235724890e+02 +4.051124890e+02 +4.051124890e+02 +3.9097e+00 -2.9448e+00 +3.3230e+00 -9.8523e-01 -1.1266e+00
4 +3.156757904e+02 +3.156757904e+02 +2.972157904e+02 +2.972157904e+02 +6.1045e-01 +2.6617e+00 -3.9419e+00 +2.4020e+00 -2.5135e+00
8 +2.181455467e+02 +2.181455467e+02 +1.996855467e+02 +1.996855467e+02 -1.6866e+00 +3.0635e-01 -1.6399e-01 +2.8548e+00 -2.8853e+00
12 +1.298211831e+02 +1.298211831e+02 +1.113611831e+02 +1.113611831e+02 -2.2079e-01 -2.3784e+00 +7.5186e-01 +9.7225e-01 +5.3110e-01
46 +8.536592920e+01 +8.536592920e+01 +6.690592920e+01 +6.690592920e+01 +1.8955e+00 +1.1724e+00 +2.6181e+00 -1.3481e+00 +1.9218e-01
111 +5.466338194e+01 +5.466338194e+01 +3.620338194e+01 +3.620338194e+01 +1.4665e+00 -1.2169e+00 +2.0791e+00 +1.3241e+00 +5.8963e-01
"function evaluation" "noise-free fitness - Fopt (-6.046000000000e+01)" "best noise-free fitness - Fopt" "measured fitness" "best measured fitness" "x1" "x2"
1 +7.053629291e+02 +7.053629291e+02 +6.449029291e+02 +6.449029291e+02 -3.2416e+00 +3.8979e+00 -8.2207e-01 +3.4735e+00 -3.8532e+00
4 +4.993069823e+02 +4.993069823e+02 +4.388469823e+02 +4.388469823e+02 +3.2809e+00 +2.1626e+00 -6.5067e-01 +1.3781e+00 -3.3075e-01
6 +1.166454993e+02 +1.166454993e+02 +5.618549926e+01 +5.618549926e+01 -3.5996e+00 +2.7764e+00 +9.7927e-01 +1.5790e+00 +2.8017e+00
11 +9.891413478e+01 +9.891413478e+01 +3.845413478e+01 +3.845413478e+01 +8.8397e-01 +1.9080e+00 +6.6929e-01 +1.1741e+00 +2.5871e+00
"function evaluation" "noise-free fitness - Fopt (3.173300000000e+02)" "best noise-free fitness - Fopt" "measured fitness" "best measured fitness" "x1" "x2"
1 +2.198859831e+02 +2.198859831e+02 +5.372159831e+02 +5.372159831e+02 -2.7835e+00 +7.8653e-01 -1.2865e+00 +1.0776e-01 -2.6060e-01
42 +1.384080363e+02 +1.384080363e+02 +4.557380363e+02 +4.557380363e+02 -1.5141e+00 +2.1338e+00 +1.3115e+00 +3.0383e+00 -4.8062e-01
88 +9.442838744e+01 +9.442838744e+01 +4.117583874e+02 +4.117583874e+02 -3.1354e+00 -3.3148e+00 +2.4755e+00 +2.7672e+00 -4.6843e-01
116 +4.573748507e+01 +4.573748507e+01 +3.630674851e+02 +3.630674851e+02 -9.5700e-01 -2.7085e+00 +3.2714e+00 +1.7908e+00 +5.8553e-01
"function evaluation" "noise-free fitness - Fopt (3.384000000000e+02)" "best noise-free fitness - Fopt" "measured fitness" "best measured fitness" "x1" "x2"
1 +1.453988891e+02 +1.453988891e+02 +4.837988891e+02 +4.837988891e+02 -8.7774e-01 -3.1483e+00 +2.4387e+00 -1.6381e+00 -4.8360e-01
55 +9.202954647e+01 +9.202954647e+01 +4.304295465e+02 +4.304295465e+02 +1.9316e+00 -1.2635e-01 +1.5740e+00 -1.6974e+00 +1.2104e+00
552 +5.242312343e+01 +5.242312343e+01 +3.908231234e+02 +3.908231234e+02 +3.6766e-01 -3.2851e+00 +1.7153e+00 +2.7580e+00 +1.1977e+00
979 +3.038232821e+01 +3.038232821e+01 +3.687823282e+02 +3.687823282e+02 +1.1181e+00 -3.8852e+00 +1.2590e+00 +6.4197e-01 +1.1829e+00
"function evaluation" "noise-free fitness - Fopt (-4.940000000000e+01)" "best noise-free fitness - Fopt" "measured fitness" "best measured fitness" "x1" "x2"
1 +3.392530938e+03 +3.392530938e+03 +3.343130938e+03 +3.343130938e+03 -1.2883e+00 -3.9349e+00 +3.4740e+00 +2.2526e+00 +2.5727e+00
2 +2.155936549e+03 +2.155936549e+03 +2.106536549e+03 +2.106536549e+03 +2.1573e+00 +1.4209e+00 +2.5203e+00 +3.4001e+00 +4.8008e-01
4 +6.777561674e+02 +6.777561674e+02 +6.283561674e+02 +6.283561674e+02 -3.2796e+00 -3.7492e+00 +6.7548e-01 +1.4270e+00 -3.3720e+00
7 +4.084028729e+02 +4.084028729e+02 +3.590028729e+02 +3.590028729e+02 +1.3119e+00 +3.9102e+00 +1.0651e+00 -4.6324e-01 +9.5947e-01
9 +3.416342597e+02 +3.416342597e+02 +2.922342597e+02 +2.922342597e+02 -1.6872e+00 -1.0244e+00 -3.6309e+00 +3.1792e+00 -5.8846e-01
10 +1.347631282e+02 +1.347631282e+02 +8.536312825e+01 +8.536312825e+01 +3.0791e+00 -2.1481e+00 -1.5512e+00 -1.8147e+00 +3.4311e+00
69 +7.004738564e+01 +7.004738564e+01 +2.064738564e+01 +2.064738564e+01 +2.7556e+00 +1.9874e+00 -2.8622e+00 +1.5110e+00 +3.1708e+00
512 +5.834663522e+01 +5.834663522e+01 +8.946635219e+00 +8.946635219e+00 -1.3740e+00 +3.0572e+00 -3.5304e-01 -3.9983e-02 +3.7354e+00
"function evaluation" "noise-free fitness - Fopt (-5.557000000000e+01)" "best noise-free fitness - Fopt" "measured fitness" "best measured fitness" "x1" "x2"
1 +2.806116192e+03 +2.806116192e+03 +2.750546192e+03 +2.750546192e+03 +2.0178e+00 +3.0718e+00 +3.1508e+00 +3.8720e+00 -3.1348e+00
3 +2.048062683e+02 +2.048062683e+02 +1.492362683e+02 +1.492362683e+02 -4.5265e-01 +5.6556e-01 +2.7480e-01 +3.0295e+00 -1.6317e+00
27 +1.087552137e+02 +1.087552137e+02 +5.318521373e+01 +5.318521373e+01 -3.4715e+00 +1.4426e+00 +6.3115e-01 +2.1507e+00 +1.4457e+00
58 +8.633569978e+01 +8.633569978e+01 +3.076569978e+01 +3.076569978e+01 +3.2181e+00 +2.4137e+00 +5.3246e-02 +3.6870e+00 -2.2683e-02
283 +6.105129398e+01 +6.105129398e+01 +5.481293976e+00 +5.481293976e+00 +2.9014e+00 +3.3230e+00 -9.2825e-01 +2.0647e+00 +8.1148e-01
"function evaluation" "noise-free fitness - Fopt (-1.412700000000e+02)" "best noise-free fitness - Fopt" "measured fitness" "best measured fitness" "x1" "x2"
1 +2.970833611e+02 +2.970833611e+02 +1.558133611e+02 +1.558133611e+02 -3.0817e+00 -3.8635e+00 -3.8801e+00 -3.3353e+00 +3.8312e-02
5 +2.425142555e+02 +2.425142555e+02 +1.012442555e+02 +1.012442555e+02 -1.7177e+00 -1.9507e+00 -2.7551e+00 +3.2706e+00 -4.0228e-01
8 +1.441158792e+02 +1.441158792e+02 +2.845879215e+00 +2.845879215e+00 +1.8533e+00 +7.0811e-01 -1.1895e+00 -2.4732e+00 -1.0888e+00
23 +9.296479542e+01 +9.296479542e+01 -4.830520458e+01 -4.830520458e+01 -2.0263e+00 -2.5776e-01 -6.7563e-01 -5.6832e-01 +5.0669e-01
573 +5.360444847e+01 +5.360444847e+01 -8.766555153e+01 -8.766555153e+01 -2.9148e-01 +7.9598e-01 +9.1296e-03 +4.6335e-01 +6.1263e-01
"function evaluation" "noise-free fitness - Fopt (1.822100000000e+02)" "best noise-free fitness - Fopt" "measured fitness" "best measured fitness" "x1" "x2"
1 +1.896892202e+02 +1.896892202e+02 +3.718992202e+02 +3.718992202e+02 -3.0395e+00 +1.9888e+00 -3.5278e+00 +2.5343e+00 -1.3022e+00
9 +1.262548421e+02 +1.262548421e+02 +3.084648421e+02 +3.084648421e+02 +8.8416e-01 +4.0044e-01 -2.3037e+00 +3.9203e+00 -1.8917e+00
197 +8.538709571e+01 +8.538709571e+01 +2.675970957e+02 +2.675970957e+02 -3.5882e-01 -3.8571e+00 -3.3562e-01 +1.4759e+00 +5.1780e-01
"function evaluation" "noise-free fitness - Fopt (8.191000000000e+01)" "best noise-free fitness - Fopt" "measured fitness" "best measured fitness" "x1" "x2"
1 +2.243877195e+03 +2.243877195e+03 +2.325787195e+03 +2.325787195e+03 +2.4739e+00 +3.7038e+00 +2.1888e+00 +3.3471e+00 +1.2355e+00
4 +3.908452552e+02 +3.908452552e+02 +4.727552552e+02 +4.727552552e+02 -1.3049e+00 -1.3583e-01 -2.8320e+00 -2.3579e+00 -2.2355e+00
11 +1.458916589e+02 +1.458916589e+02 +2.278016589e+02 +2.278016589e+02 -2.9202e+00 +3.7472e+00 -2.0319e+00 -3.0946e+00 +2.2396e+00
52 +7.018885084e+01 +7.018885084e+01 +1.520988508e+02 +1.520988508e+02 -1.2655e+00 -1.9303e+00 -1.3756e+00 -3.3008e+00 +2.1364e+00
962 +3.478409184e+01 +3.478409184e+01 +1.166940918e+02 +1.166940918e+02 -2.9424e+00 -1.3946e+00 -5.7765e-01 -2.9136e+00 +2.8478e+00
"function evaluation" "noise-free fitness - Fopt (-3.930000000000e+01)" "best noise-free fitness - Fopt" "measured fitness" "best measured fitness" "x1" "x2"
1 +4.370252094e+02 +4.370252094e+02 +3.977252094e+02 +3.977252094e+02 -3.0817e+00 -3.8635e+00 -3.8801e+00 -3.3353e+00 +3.8312e-02
4 +1.539541515e+02 +1.539541515e+02 +1.146541515e+02 +1.146541515e+02 +3.3353e+00 -9.3263e-01 +2.0948e+00 +6.7140e-01 +7.1608e-01
16 +7.601926826e+01 +7.601926826e+01 +3.671926826e+01 +3.671926826e+01 +2.8404e+00 +1.5091e-01 +2.3973e+00 +1.9835e+00 +4.9123e-01
120 +6.076938438e+01 +6.076938438e+01 +2.146938438e+01 +2.146938438e+01 +1.7393e+00 +9.9883e-01 -5.7237e-01 +3.4748e+00 +9.9734e-01
"function evaluation" "noise-free fitness - Fopt (4.296000000000e+01)" "best noise-free fitness - Fopt" "measured fitness" "best measured fitness" "x1" "x2"
1 +1.689710117e+02 +1.689710117e+02 +2.119310117e+02 +2.119310117e+02 -8.7774e-01 -3.1483e+00 +2.4387e+00 -1.6381e+00 -4.8360e-01
10 +1.457984197e+02 +1.457984197e+02 +1.887584197e+02 +1.887584197e+02 +1.3197e+00 -3.4843e+00 +1.2787e+00 +3.0209e+00 -6.4421e-01
41 +7.851982618e+01 +7.851982618e+01 +1.214798262e+02 +1.214798262e+02 +9.8602e-01 +9.8851e-01 -7.7014e-02 -1.1255e+00 +2.2697e-01
180 +6.081580946e+01 +6.081580946e+01 +1.037758095e+02 +1.037758095e+02 +1.1742e+00 +3.1731e+00 +2.2339e+00 +2.8683e-01 -2.7760e-01
"function evaluation" "noise-free fitness - Fopt (2.842200000000e+02)" "best noise-free fitness - Fopt" "measured fitness" "best measured fitness" "x1" "x2"
1 +1.238174246e+02 +1.238174246e+02 +4.080374246e+02 +4.080374246e+02 +2.5670e+00 +3.7987e-01 -1.6787e+00 +3.4681e+00 +4.2551e-01
64 +9.827717759e+01 +9.827717759e+01 +3.824971776e+02 +3.824971776e+02 +1.3497e+00 -7.0600e-02 -1.0503e+00 +2.8611e+00 +4.6508e-01
132 +5.901423135e+01 +5.901423135e+01 +3.432342314e+02 +3.432342314e+02 +1.1093e+00 -5.4463e-02 -7.9352e-01 +2.1883e+00 +1.4208e+00
"function evaluation" "noise-free fitness - Fopt (-3.217000000000e+01)" "best noise-free fitness - Fopt" "measured fitness" "best measured fitness" "x1" "x2"
1 +2.976621131e+03 +2.976621131e+03 +2.944451131e+03 +2.944451131e+03 +2.2547e+00 -1.9639e+00 +3.4204e+00 -3.5371e-01 -5.3386e-04
2 +3.120534599e+02 +3.120534599e+02 +2.798834599e+02 +2.798834599e+02 -1.9776e+00 +9.8678e-02 -2.3092e+00 +1.6780e+00 -8.1003e-01
4 +2.374319834e+02 +2.374319834e+02 +2.052619834e+02 +2.052619834e+02 -8.4524e-01 -1.5442e+00 -8.1199e-01 -3.3971e+00 +9.9010e-01
6 +1.418659250e+02 +1.418659250e+02 +1.096959250e+02 +1.096959250e+02 +9.1422e-01 -3.6084e+00 +2.4177e-01 +1.4430e+00 +3.2216e+00
29 +8.420226694e+01 +8.420226694e+01 +5.203226694e+01 +5.203226694e+01 -1.8386e+00 +1.1037e+00 -7.0512e-01 -2.7806e+00 +3.7767e+00
572 +3.063998899e+01 +3.063998899e+01 -1.530011006e+00 -1.530011006e+00 -5.1913e-01 -1.8035e-01 -1.0449e-01 +7.5506e-01 +3.6673e+00
"function evaluation" "noise-free fitness - Fopt (-5.858000000000e+01)" "best noise-free fitness - Fopt" "measured fitness" "best measured fitness" "x1" "x2"
1 +2.286739789e+03 +2.286739789e+03 +2.228159789e+03 +2.228159789e+03 +3.2520e+00 +1.3124e+00 +3.3635e+00 -1.8244e+00 +6.2805e-01
2 +8.034242666e+02 +8.034242666e+02 +7.448442666e+02 +7.448442666e+02 +3.5938e+00 -2.6626e+00 +2.3320e+00 +3.9177e+00 +2.0503e+00
4 +9.782032194e+01 +9.782032194e+01 +3.924032194e+01 +3.924032194e+01 +4.7475e-01 -2.1618e-01 -1.2662e+00 +3.9648e+00 +2.1148e+00
20 +5.925042813e+01 +5.925042813e+01 +6.704281347e-01 +6.704281347e-01 +4.8760e-01 +2.0842e+00 +9.6886e-01 +2.3701e+00 +3.2386e+00
"function evaluation" "noise-free fitness - Fopt (-6.049200000000e+02)" "best noise-free fitness - Fopt" "measured fitness" "best measured fitness" "x1" "x2"
1 +4.697563594e+02 +4.697563594e+02 -1.351636406e+02 -1.351636406e+02 +2.7883e+00 +2.1586e+00 -1.2662e+00 +1.5899e-01 -2.3695e+00
11 +1.687348227e+02 +1.687348227e+02 -4.361851773e+02 -4.361851773e+02 +1.7978e-01 +1.4884e+00 -2.2391e+00 +3.0846e+00 -1.3792e+00
22 +1.565122866e+02 +1.565122866e+02 -4.484077134e+02 -4.484077134e+02 +1.2110e+00 +2.3997e+00 -2.5698e+00 +3.2778e+00 -6.0023e-01
59 +5.932628179e+01 +5.932628179e+01 -5.455937182e+02 -5.455937182e+02 -1.3452e+00 -8.7482e-01 +1.1154e+00 +1.4843e+00 -8.4175e-01
"function evaluation" "noise-free fitness - Fopt (1.337000000000e+02)" "best noise-free fitness - Fopt" "measured fitness" "best measured fitness" "x1" "x2"
1 +5.481032629e+02 +5.481032629e+02 +6.818032629e+02 +6.818032629e+02 -3.7579e+00 +1.8692e+00 +1.1504e+00 -2.1404e-01 -2.0334e+00
5 +3.331152292e+02 +3.331152292e+02 +4.668152292e+02 +4.668152292e+02 +3.8494e+00 +2.1842e+00 -2.3411e+00 +5.4576e-01 +1.5071e+00
6 +1.492265822e+02 +1.492265822e+02 +2.829265822e+02 +2.829265822e+02 -2.6305e-01 -2.9390e+00 -3.6348e+00 +3.5198e+00 +2.9919e+00
131 +7.962570160e+01 +7.962570160e+01 +2.133257016e+02 +2.133257016e+02 +4.5841e-01 +4.3505e-01 +5.2108e-01 -2.7674e-02 +3.6752e+00
154 +5.933743133e+01 +5.933743133e+01 +1.930374313e+02 +1.930374313e+02 -1.4938e+00 +1.6341e+00 -9.5214e-01 +7.6877e-01 +2.9754e+00
"function evaluation" "noise-free fitness - Fopt (-2.098000000000e+01)" "best noise-free fitness - Fopt" "measured fitness" "best measured fitness" "x1" "x2"
1 +6.187477308e+01 +6.187477308e+01 +4.089477308e+01 +4.089477308e+01 -8.1235e-01 -1.6353e+00 -1.3195e+00 +2.2430e-02 +2.4876e+00
"function evaluation" "noise-free fitness - Fopt (1.353300000000e+02)" "best noise-free fitness - Fopt" "measured fitness" "best measured fitness" "x1" "x2"
1 +8.816767972e+02 +8.816767972e+02 +1.017006797e+03 +1.017006797e+03 +8.3543e-01 -2.4538e+00 +2.1036e+00 -3.6723e-01 -2.7230e+00
2 +3.905322412e+02 +3.905322412e+02 +5.258622412e+02 +5.258622412e+02 +8.9613e-01 +3.8794e+00 +1.2527e+00 +7.0538e-01 -1.4754e+00
10 +1.274153105e+02 +1.274153105e+02 +2.627453105e+02 +2.627453105e+02 -2.0096e+00 -2.4670e+00 +1.0780e+00 +1.1332e-01 +1.9754e+00
15 +8.058314155e+01 +8.058314155e+01 +2.159131415e+02 +2.159131415e+02 -8.3964e-01 -2.3928e+00 -2.8686e-01 -2.5729e+00 +2.0131e+00
476 +5.075392570e+01 +5.075392570e+01 +1.860839257e+02 +1.860839257e+02 -6.9012e-01 +7.1474e-01 -1.3549e+00 -3.7459e+00 +3.1612e+00
"function evaluation" "noise-free fitness - Fopt (4.066000000000e+01)" "best noise-free fitness - Fopt" "measured fitness" "best measured fitness" "x1" "x2"
1 +2.007845347e+02 +2.007845347e+02 +2.414445347e+02 +2.414445347e+02 -2.0990e+00 -1.7851e+00 +2.9988e+00 -2.1872e+00 -1.6850e+00
6 +1.323102631e+02 +1.323102631e+02 +1.729702631e+02 +1.729702631e+02 +3.4856e+00 +3.8288e-01 +8.3448e-01 +1.6626e-01 +1.3439e+00
72 +8.161803440e+01 +8.161803440e+01 +1.222780344e+02 +1.222780344e+02 +8.1811e-01 +2.5781e+00 +1.7439e+00 -3.6563e-01 +1.0820e+00
453 +4.403155488e+01 +4.403155488e+01 +8.469155488e+01 +8.469155488e+01 +8.3198e-01 +3.0888e-01 +3.8780e+00 -2.6528e+00 +1.5574e+00
