"function evaluation" "noise-free fitness - Fopt (-4.620900000000e+02)" "best noise-free fitness - Fopt" "measured fitness" "best measured fitness" "x1" "x2"
1 +3.002298168e+02 +3.002298168e+02 -1.618601832e+02 -1.618601832e+02 -1.6693e+00 +2.0879e+00 -1.7788e-01 -1.7901e+00 +7.3666e-01 +2.0117e+00 +6.8708e-01 +3.3738e+00 +1.4279e-01 +3.9059e+00
6 +2.213172371e+02 +2.213172371e+02 -2.407727629e+02 -2.407727629e+02 -2.6557e+00 +2.6326e+00 +7.4460e-01 +1.5832e+00 +2.1726e+00 -7.2601e-02 -5.3939e-01 +2.4086e+00 +1.0216e+00 -1.6018e+00
"function evaluation" "noise-free fitness - Fopt (7.766000000000e+01)" "best noise-free fitness - Fopt" "measured fitness" "best measured fitness" "x1" "x2"
1 +4.403099279e+03 +4.403099279e+03 +4.480759279e+03 +4.480759279e+03 +5.6091e-01 -1.4367e+00 +1.4431e+00 -2.6866e+00 -2.2365e+00 +3.4293e+00 -3.9526e+00 -1.2829e+00 +2.2973e+00 +1.3360e+00
5 +8.069219289e+02 +8.069219289e+02 +8.845819289e+02 +8.845819289e+02 -3.4074e+00 -1.4180e+00 -1.8351e+00 -1.8866e+00 +6.3653e-01 +2.2679e+00 -2.9437e+00 -5.1950e-01 +9.9821e-01 -2.0228e+00
10 +5.562332089e+02 +5.562332089e+02 +6.338932089e+02 +6.338932089e+02 -2.1352e+00 -3.3534e+00 -5.3328e-01 -3.0428e-01 -8.9467e-01 +2.7086e+00 +1.5581e-01 +6.2926e-01 -6.1394e-01 +1.8576e+00
28 +2.466564608e+02 +2.466564608e+02 +3.243164608e+02 +3.243164608e+02 +3.6800e-02 +1.4808e+00 -1.1501e+00 +3.3439e+00 -1.3708e-01 +1.9578e+00 -3.6486e+00 -2.5308e+00 -6.5313e-01 -3.2148e+00
"function evaluation" "noise-free fitness - Fopt (1.156800000000e+02)" "best noise-free fitness - Fopt" "measured fitness" "best measured fitness" "x1" "x2"
1 +1.681419992e+03 +1.681419992e+03 +1.797099992e+03 +1.797099992e+03 +3.8656e+00 -1.9984e+00 +2.4143e+00 -2.8262e+00 +2.6214e+00 +1.9780e+00 -8.5235e-01 -1.4710e+00 +2.9156e-01 -3.7553e+00
2 +4.033961055e+02 +4.033961055e+02 +5.190761055e+02 +5.190761055e+02 -1.8420e+00 +2.2599e+00 +3.6660e-01 +2.9705e+00 +1.3904e+00 -3.1108e-01 -7.2792e-01 +1.0318e+00 +6.5796e-01 -4.6572e-01
47 +3.755319198e+02 +3.755319198e+02 +4.912119198e+02 +4.912119198e+02 -2.8373e+00 +1.7895e+00 -2.8224e+00 +2.3102e+00 +8.0147e-01 +8.2442e-01 -2.2843e+00 +2.3138e+00 +3.8186e+00 -5.5122e-02
69 +2.331255487e+02 +2.331255487e+02 +3.488055487e+02 +3.488055487e+02 +3.5498e-01 +8.3240e-01 -2.5787e+00 -2.9539e-01 +5.1652e-01 -3.7813e-01 +1.7504e+00 +2.7155e+00 +3.1768e+00 +4.0301e-01
"function evaluation" "noise-free fitness - Fopt (-3.710000000000e+00)" "best noise-free fitness - Fopt" "measured fitness" "best measured fitness" "x1" "x2"
1 +4.582202838e+02 +4.582202838e+02 +4.545102838e+02 +4.545102838e+02 +3.3995e+00 +2.4992e+00 +2.4833e+00 +3.2174e+00 -1.0484e+00 -7.1370e-01 -1.2979e-01 -1.6016e+00 -4.0216e-01 -2.0809e+00
60 +3.780401906e+02 +3.780401906e+02 +3.743301906e+02 +3.743301906e+02 +2.4870e+00 +2.3269e+00 -4.6664e-01 -1.2674e+00 +3.0426e-01 +2.5243e+00 -4.5906e-01 +2.1371e+00 -5.7839e-01 +6.6219e-01
159 +1.816968887e+02 +1.816968887e+02 +1.779868887e+02 +1.779868887e+02 -7.3219e-02 -3.4868e+00 -7.5880e-01 -1.0420e+00 +2.6864e+00 +3.3108e+00 -1.0619e+00 -2.1745e+00 +1.0724e+00 +6.5354e-01
"function evaluation" "noise-free fitness - Fopt (1.321800000000e+02)" "best noise-free fitness - Fopt" "measured fitness" "best measured fitness" "x1" "x2"
1 +3.865799376e+03 +3.865799376e+03 +3.997979376e+03 +3.997979376e+03 +1.8910e-01 +2.4057e+00 -1.0298e+00 +2.0643e+00 -3.3184e+00 -1.5095e+00 +6.4467e-01 -3.9335e+00 +3.0058e+00 +2.7673e+00
2 +5.694493411e+02 +5.694493411e+02 +7.016293411e+02 +7.016293411e+02 -5.9697e-01 +3.8980e+00 -2.3905e+00 +1.7841e+00 +3.9708e-01 +2.3147e+00 -1.2005e+00 +3.0815e+00 -2.3773e+00 -3.0906e+00
3 +3.715529858e+02 +3.715529858e+02 +5.037329858e+02 +5.037329858e+02 +3.1077e-01 +3.2720e+00 +1.0257e-01 +1.5946e+00 -3.4581e+00 +3.0323e-01 +6.0459e-01 -2.1351e+00 +1.1719e+00 -1.0564e+00
12 +2.406798168e+02 +2.406798168e+02 +3.728598168e+02 +3.728598168e+02 -1.1796e+00 -2.8789e+00 +2.6312e+00 -3.2984e+00 +1.3209e+00 +4.4438e-01 -1.8413e+00 -4.0301e-01 -4.5070e-01 +1.8878e+00
849 +9.738755145e+01 +9.738755145e+01 +2.295675515e+02 +2.295675515e+02 +2.7536e+00 -1.3086e+00 +3.9919e-01 -1.7652e+00 +8.3334e-01 -2.6511e+00 +1.7134e+00 +9.1270e-02 +2.7298e-01 +3.8257e-01
"function evaluation" "noise-free fitness - Fopt (-5.847300000000e+02)" "best noise-free fitness - Fopt" "measured fitness" "best measured fitness" "x1" "x2"
1 +5.724710819e+02 +5.724710819e+02 -1.225891815e+01 -1.225891815e+01 -2.6859e+00 +3.5768e+00 -2.4644e+00 +2.7229e+00 -2.2738e+00 +1.9470e+00 +2.0605e+00 -6.6400e-01 -3.1645e+00 -1.7548e+00
4 +3.655846882e+02 +3.655846882e+02 -2.191453118e+02 -2.191453118e+02 +1.4891e+00 -4.3699e-01 +2.6995e+00 +6.7532e-01 +1.1464e+00 -9.2460e-01 -6.1825e-01 -2.2353e+00 -1.4749e+00 -2.0010e+00
26 +2.296609486e+02 +2.296609486e+02 -3.550690514e+02 -3.550690514e+02 +2.4459e+00 -3.9551e+00 -2.0181e+00 -3.6745e+00 +5.2243e-01 -4.9692e-01 +1.3359e+00 -1.8990e-02 -1.6168e+00 -1.9188e+00
"function evaluation" "noise-free fitness - Fopt (-3.654000000000e+01)" "best noise-free fitness - Fopt" "measured fitness" "best measured fitness" "x1" "x2"
1 +1.585907098e+03 +1.585907098e+03 +1.549367098e+03 +1.549367098e+03 +2.3734e+00 +1.3143e+00 +1.1092e+00 +1.8817e+00 +5.3237e-01 -2.9942e+00 +3.6070e+00 -6.0953e-01 +2.1283e+00 +3.2913e+00
2 +2.657585351e+02 +2.657585351e+02 +2.292185351e+02 +2.292185351e+02 -1.9308e+00 +7.0894e-01 +4.3577e-01 -3.3355e+00 -2.3244e-02 +2.0457e+00 +5.3918e-02 -1.4972e+00 +1.0974e-01 -2.8352e+00
193 +2.206425404e+02 +2.206425404e+02 +1.841025404e+02 +1.841025404e+02 -1.7356e+00 -1.0064e+00 -2.9676e+00 +4.9217e-01 -3.7112e+00 -1.5168e+00 +2.2026e+00 -2.6714e+00 +4.0630e-01 -1.8295e+00
"function evaluation" "noise-free fitness - Fopt (1.000000000000e+03)" "best noise-free fitness - Fopt" "measured fitness" "best measured fitness" "x1" "x2"
1 +1.141224625e+03 +1.141224625e+03 +2.141224625e+03 +2.141224625e+03 +1.8265e+00 +2.0281e+00 +2.0898e+00 -1.1619e+00 -3.1150e+00 -2.5994e+00 +3.9884e+00 -3.7636e+00 +1.6481e+00 +1.4515e+00
4 +4.249013236e+02 +4.249013236e+02 +1.424901324e+03 +1.424901324e+03 +2.0116e+00 -1.6793e+00 +2.6192e-01 -3.1814e-01 -1.4719e+00 +2.7704e+00 +1.3587e+00 +1.6540e-01 -1.8077e+00 -1.9236e+00
41 +3.791482482e+02 +3.791482482e+02 +1.379148248e+03 +1.379148248e+03 -1.8958e+00 -1.1364e-01 -2.7028e+00 -3.2461e+00 +8.9143e-01 +3.4441e+00 +3.5027e+00 -2.2519e+00 -1.3818e-01 -8.2108e-01
231 +2.433570569e+02 +2.433570569e+02 +1.243357057e+03 +1.243357057e+03 -2.4143e+00 -8.0093e-01 -3.6137e+00 +1.8732e+00 +8.2643e-01 -3.2857e+00 +2.3246e+00 -2.3337e+00 +3.1043e+00 -2.2183e+00
"function evaluation" "noise-free fitness - Fopt (4.661000000000e+01)" "best noise-free fitness - Fopt" "measured fitness" "best measured fitness" "x1" "x2"
1 +9.876871140e+02 +9.876871140e+02 +1.034297114e+03 +1.034297114e+03 +3.3995e+00 +2.4992e+00 +2.4833e+00 +3.2174e+00 -1.0484e+00 -7.1370e-01 -1.2979e-01 -1.6016e+00 -4.0216e-01 -2.0809e+00
3 +3.873308553e+02 +3.873308553e+02 +4.339408553e+02 +4.339408553e+02 -3.8137e+00 +1.1100e+00 +8.0860e-02 -7.3534e-02 +1.2131e+00 -4.8271e-01 +3.1617e+00 +3.0895e+00 +7.4963e-01 -2.7720e+00
195 +2.057449190e+02 +2.057449190e+02 +2.523549190e+02 +2.523549190e+02 -6.7485e-01 +3.9894e+00 -3.9573e+00 +3.6582e+00 +1.0395e+00 +1.0863e+00 +3.6688e+00 -2.2208e+00 -6.5012e-01 -1.9855e+00
"function evaluation" "noise-free fitness - Fopt (-2.643100000000e+02)" "best noise-free fitness - Fopt" "measured fitness" "best measured fitness" "x1" "x2"
1 +2.282717428e+03 +2.282717428e+03 +2.018407428e+03 +2.018407428e+03 -2.9227e+00 -2.7306e+00 +1.5893e+00 +1.5043e+00 +3.0662e+00 -1.6411e+00 -4.0358e-01 -3.1029e+00 +2.0383e+00 -3.9674e+00
3 +5.268209125e+02 +5.268209125e+02 +2.625109125e+02 +2.625109125e+02 +2.5585e+00 -2.3523e+00 +5.1460e-02 -1.4556e-01 -2.2094e+00 -3.2451e+00 -1.3029e+00 -2.8109e+00 -3.4438e+00 +8.9658e-01
11 +3.211631476e+02 +3.211631476e+02 +5.685314759e+01 +5.685314759e+01 +2.3392e+00 +2.1841e+00 +2.0357e+00 -2.4266e-02 +1.6042e+00 -1.2683e+00 +2.7148e+00 -7.2013e-03 -2.5506e-01 -2.2263e+00
97 +2.487106107e+02 +2.487106107e+02 -1.559938926e+01 -1.559938926e+01 +3.3108e+00 +2.4808e+00 +1.2275e+00 -2.4011e+00 -6.5812e-01 -1.2350e+00 +3.5560e+00 +3.4858e+00 +4.6524e-01 +1.4185e+00
"function evaluation" "noise-free fitness - Fopt (7.273000000000e+01)" "best noise-free fitness - Fopt" "measured fitness" "best measured fitness" "x1" "x2"
1 +3.379236366e+03 +3.379236366e+03 +3.451966366e+03 +3.451966366e+03 -2.1118e+00 +3.8949e+00 +1.3930e+00 -1.4844e+00 -4.3792e-02 +3.9419e+00 +1.8161e+00 -9.8420e-01 +2.6356e+00 -1.6641e+00
2 +5.677026341e+02 +5.677026341e+02 +6.404326341e+02 +6.404326341e+02 +3.8694e+00 +2.6469e+00 +9.7538e-01 +5.1568e-02 +4.0052e-01 -2.9030e+00 +3.8163e+00 -7.4989e-01 -1.3555e+00 +9.2144e-01
26 +2.403460840e+02 +2.403460840e+02 +3.130760840e+02 +3.130760840e+02 -2.1809e+00 -2.6358e+00 +1.2216e+00 +2.1449e-01 +3.3801e-01 -1.6497e+00 +1.9082e+00 -9.2954e-01 +7.3401e-01 -7.2834e-02
"function evaluation" "noise-free fitness - Fopt (1.368700000000e+02)" "best noise-free fitness - Fopt" "measured fitness" "best measured fitness" "x1" "x2"
1 +3.925577085e+03 +3.925577085e+03 +4.062447085e+03 +4.062447085e+03 +2.9120e+00 -1.6815e+00 -2.7207e+00 +2.0896e-01 +3.4560e-01 -6.0242e-01 +3.0770e+00 -1.8087e+00 +7.6366e-02 -9.0339e-01
2 +5.345925547e+02 +5.345925547e+02 +6.714625547e+02 +6.714625547e+02 -2.8685e+00 +5.8262e-01 +1.9840e+00 +3.8297e+00 -2.6884e+00 +2.0056e+00 -1.1919e-01 +1.0489e+00 -3.5778e+00 +3.2519e-01
54 +3.364250636e+02 +3.364250636e+02 +4.732950636e+02 +4.732950636e+02 +5.0327e-01 +3.6400e+00 +2.0097e+00 +3.4994e+00 +3.0337e-01 +3.5089e+00 -1.7582e+00 +2.1389e-01 -1.5486e+00 -1.2065e+00
76 +1.906576646e+02 +1.906576646e+02 +3.275276646e+02 +3.275276646e+02 -7.7213e-01 +2.2654e+00 +3.4243e+00 -9.1453e-01 -1.9324e+00 +8.7051e-01 +7.2639e-01 +3.9451e+00 +4.3415e-01 -3.1116e+00
"function evaluation" "noise-free fitness - Fopt (2.196000000000e+01)" "best noise-free fitness - Fopt" "measured fitness" "best measured fitness" "x1" "x2"
1 +1.177605145e+04 +1.177605145e+04 +1.179801145e+04 +1.179801145e+04 -1.7431e+00 +1.7453e+00 -3.8562e+00 +9.2693e-01 +2.0809e-01 -1.6034e+00 -3.7457e+00 +3.4239e+00 +3.9414e+00 +1.8863e+00
2 +1.473865551e+03 +1.473865551e+03 +1.495825551e+03 +1.495825551e+03 -1.7302e-01 -1.3029e+00 +2.2080e+00 +1.1255e+00 -3.9998e+00 -3.1434e+00 -1.3004e-01 +2.8583e+00 +1.1675e+00 +9.9058e-01
3 +4.595621000e+02 +4.595621000e+02 +4.815221000e+02 +4.815221000e+02 -3.9437e+00 -2.0160e+00 +4.6552e-01 -3.3131e+00 +7.9962e-01 +1.3691e+00 -1.7654e+00 +2.6073e+00 -3.1295e+00 -7.7649e-01
19 +3.129387433e+02 +3.129387433e+02 +3.348987433e+02 +3.348987433e+02 -1.1855e+00 +2.6288e+00 -1.3942e+00 -6.6023e-01 +2.1683e+00 -3.8119e-01 -9.2897e-01 +2.5685e-01 -6.7799e-01 -7.4379e-01
456 +2.409018256e+02 +2.409018256e+02 +2.628618256e+02 +2.628618256e+02 -3.0833e+00 -1.6702e+00 +9.5446e-01 +1.8857e+00 +1.9380e-01 +2.4137e+00 +2.2713e+00 +9.3196e-01 -1.3561e+00 +2.7972e+00
"function evaluation" "noise-free fitness - Fopt (-2.139000000000e+01)" "best noise-free fitness - Fopt" "measured fitness" "best measured fitness" "x1" "x2"
1 +8.487523249e+02 +8.487523249e+02 +8.273623249e+02 +8.273623249e+02 -3.2082e+00 +2.5751e+00 -2.9576e+00 +1.1334e+00 -1.5066e+00 +1.8166e+00 +1.2795e+00 -2.7037e+00 -3.5941e+00 +3.3447e+00
2 +3.525818787e+02 +3.525818787e+02 +3.311918787e+02 +3.311918787e+02 -3.4915e+00 -1.0346e+00 +9.2991e-01 -3.2393e+00 -1.2705e+00 +9.1280e-01 +2.0997e+00 +1.3218e+00 -8.5210e-01 +7.0504e-01
74 +1.769370324e+02 +1.769370324e+02 +1.555470324e+02 +1.555470324e+02 +1.3332e+00 +5.1425e-01 +1.2802e+00 -2.9374e+00 +1.0731e+00 +1.2160e+00 +2.3151e+00 +3.4949e+00 +3.3800e+00 -2.8712e+00
"function evaluation" "noise-free fitness - Fopt (5.176600000000e+02)" "best noise-free fitness - Fopt" "measured fitness" "best measured fitness" "x1" "x2"
1 +6.802099162e+02 +6.802099162e+02 +1.197869916e+03 +1.197869916e+03 +1.9086e+00 -5.2751e-01 +7.2623e-02 -7.7726e-01 -3.2363e-01 +2.9499e+00 -3.1678e+00 -2.1723e+00 -3.7462e+00 +3.8039e+00
2 +5.227135231e+02 +5.227135231e+02 +1.040373523e+03 +1.040373523e+03 +3.4166e-01 -3.2438e+00 +3.8516e-01 +3.8336e+00 -3.2742e+00 -5.9834e-01 -3.3258e+00 +2.0752e+00 +3.9870e-01 -7.7684e-01
4 +3.425249513e+02 +3.425249513e+02 +8.601849513e+02 +8.601849513e+02 +1.0426e+00 +3.6742e+00 -2.0540e+00 +1.2384e-01 +1.2246e+00 -2.7730e+00 +2.4136e+00 -3.3853e+00 -1.6376e+00 +3.7411e+00
187 +2.067947485e+02 +2.067947485e+02 +7.244547485e+02 +7.244547485e+02 -9.9673e-01 +2.5345e+00 -1.5991e+00 +3.9300e+00 -1.6682e+00 -2.1678e+00 +2.0912e+00 +3.5969e-01 +8.0674e-01 +4.1391e-01
"function evaluation" "noise-free fitness - Fopt (-1.375500000000e+02)" "best noise-free fitness - Fopt" "measured fitness" "best measured fitness" "x1" "x2"
1 +7.050219073e+03 +7.050219073e+03 +6.912669073e+03 +6.912669073e+03 +2.0282e+00 -3.5511e+00 +3.6198e-01 +9.3850e-01 -3.5418e+00 +1.5800e+00 +2.4688e+00 -2.8066e-01 +2.7615e+00 -1.6284e+00
2 +6.377522633e+02 +6.377522633e+02 +5.002022633e+02 +5.002022633e+02 -1.3643e+00 +6.7022e-01 +1.6250e+00 +7.4968e-01 -3.3575e+00 +2.1435e+00 -3.3635e+00 -3.5936e+00 -2.0207e+00 -1.2880e+00
4 +4.287252828e+02 +4.287252828e+02 +2.911752828e+02 +2.911752828e+02 -2.3633e+00 +1.7291e+00 -2.0873e+00 -1.1926e+00 -3.8334e-02 +3.6302e+00 +9.5792e-01 -1.6395e+00 -2.7915e+00 -1.1420e+00
20 +3.689268375e+02 +3.689268375e+02 +2.313768375e+02 +2.313768375e+02 +1.3233e+00 -3.5645e+00 -2.5121e+00 -1.9541e+00 -2.5505e+00 -1.4870e+00 -6.7533e-01 +3.8619e+00 -9.2772e-01 -3.4015e-01
258 +2.114244368e+02 +2.114244368e+02 +7.387443676e+01 +7.387443676e+01 +3.4294e-01 +3.1825e+00 -1.8518e+00 +3.0138e+00 +2.0861e+00 +3.2381e+00 -2.3108e+00 +2.8600e+00 -3.3648e-01 -1.9644e+00
"function evaluation" "noise-free fitness - Fopt (-1.009800000000e+02)" "best noise-free fitness - Fopt" "measured fitness" "best measured fitness" "x1" "x2"
1 +4.128490556e+03 +4.128490556e+03 +4.027510556e+03 +4.027510556e+03 -1.0595e+00 +3.9269e+00 -2.3438e+00 +2.3326e+00 -9.0697e-01 +2.1177e+00 +1.2125e+00 -4.5600e-01 +2.0156e+00 +2.2096e+00
3 +1.859169246e+03 +1.859169246e+03 +1.758189246e+03 +1.758189246e+03 +1.9377e+00 -3.2188e+00 -2.4623e+00 +1.9878e+00 -3.2495e+00 +3.0308e+00 +1.6494e+00 +2.3137e+00 -7.5156e-01 -3.6572e+00
5 +1.053220504e+03 +1.053220504e+03 +9.522405038e+02 +9.522405038e+02 -2.4339e+00 -3.3945e+00 +2.7290e+00 -1.2369e+00 +2.4201e+00 -4.9092e-01 -3.1969e+00 -9.8470e-01 -1.5367e+00 -1.0490e+00
14 +3.615913679e+02 +3.615913679e+02 +2.606113679e+02 +2.606113679e+02 -1.6042e+00 +1.3410e+00 -2.9107e+00 +2.8827e+00 +5.1227e-01 +2.5690e+00 -1.0174e-01 -1.1592e+00 -1.7836e+00 +2.0800e+00
24 +2.172356769e+02 +2.172356769e+02 +1.162556769e+02 +1.162556769e+02 -1.4864e+00 +1.8958e+00 -2.9976e+00 -1.1154e+00 +1.8171e-01 +3.1383e+00 -2.1334e+00 +3.9702e+00 -9.2277e-01 +2.7296e+00
"function evaluation" "noise-free fitness - Fopt (3.234000000000e+01)" "best noise-free fitness - Fopt" "measured fitness" "best measured fitness" "x1" "x2"
1 +1.535290086e+03 +1.535290086e+03 +1.567630086e+03 +1.567630086e+03 -1.2658e+00 +2.8285e-01 +3.5003e+00 -3.8827e+00 +3.0461e+00 +1.4460e-01 +1.0678e+00 -4.3088e-01 -8.2056e-02 -1.5909e+00
2 +3.226235990e+02 +3.226235990e+02 +3.549635990e+02 +3.549635990e+02 -8.2352e-01 -1.8106e+00 +3.5601e+00 +6.1256e-01 +6.7163e-02 -1.1820e+00 +2.4102e+00 -1.4058e+00 -1.3318e+00 +5.0932e-01
89 +1.907341817e+02 +1.907341817e+02 +2.230741817e+02 +2.230741817e+02 -3.9038e+00 -1.5524e+00 +3.6173e+00 +1.5501e+00 +1.0960e-01 -2.3526e+00 +2.2507e+00 -1.6928e+00 +2.1778e+00 -1.7142e-01
"function evaluation" "noise-free fitness - Fopt (6.109800000000e+02)" "best noise-free fitness - Fopt" "measured fitness" "best measured fitness" "x1" "x2"
1 +2.789301870e+03 +2.789301870e+03 +3.400281870e+03 +3.400281870e+03 -1.4278e+00 -1.7520e+00 -2.8752e-01 -1.0587e+00 -1.7201e+00 +3.2904e+00 +3.6110e+00 -3.5628e+00 -1.4139e+00 +2.4591e-01
5 +4.678069366e+02 +4.678069366e+02 +1.078786937e+03 +1.078786937e+03 -1.5250e+00 +2.2506e+00 +2.2233e+00 +2.5743e+00 -1.0812e+00 +7.3292e-01 -1.0636e+00 +9.0001e-01 -2.8774e+00 +7.9419e-01
21 +3.586189884e+02 +3.586189884e+02 +9.695989884e+02 +9.695989884e+02 +2.8690e+00 -7.6463e-01 -2.5913e+00 +1.8222e-02 +5.2526e-03 -1.3193e+00 -1.2750e+00 -1.8906e+00 +2.0289e+00 -7.5603e-01
334 +2.268122915e+02 +2.268122915e+02 +8.377922915e+02 +8.377922915e+02 +3.8033e+00 -2.4256e+00 -2.0070e+00 -6.3596e-01 -2.6119e+00 +7.0566e-01 +1.5114e+00 +3.3361e-01 -6.9103e-01 +1.1067e+00
"function evaluation" "noise-free fitness - Fopt (6.117000000000e+01)" "best noise-free fitness - Fopt" "measured fitness" "best measured fitness" "x1" "x2"
1 +2.150516828e+03 +2.150516828e+03 +2.211686828e+03 +2.211686828e+03 +1.2884e+00 -1.2297e+00 +1.4717e+00 -1.7395e+00 -1.9796e+00 +3.0255e+00 -3.8385e+00 +7.8787e-01 +2.4534e+00 +3.0227e+00
3 +8.037146774e+02 +8.037146774e+02 +8.648846774e+02 +8.648846774e+02 +1.9251e+00 -2.3600e+00 -1.2388e+00 -2.2848e+00 -2.5675e+00 +3.2552e+00 -2.0604e+00 +1.4342e+00 -1.4021e+00 -2.8885e+00
6 +3.113718701e+02 +3.113718701e+02 +3.725418701e+02 +3.725418701e+02 -3.7843e+00 +1.8078e+00 +1.2701e+00 -8.7571e-01 +3.6221e-01 -2.2243e+00 -1.3638e-01 -1.0800e+00 -2.5042e+00 +2.1493e+00
60 +2.423136668e+02 +2.423136668e+02 +3.034836668e+02 +3.034836668e+02 -2.5192e+00 -9.4285e-01 +1.2902e-01 -2.3303e+00 -2.1194e+00 -2.8829e+00 +8.6248e-02 +1.2761e+00 +6.9833e-01 +1.6456e+00
639 +1.260444307e+02 +1.260444307e+02 +1.872144307e+02 +1.872144307e+02 -1.9259e+00 +6.3585e-01 -1.3756e+00 -1.7609e+00 +1.7190e-01 +5.6729e-01 +8.6390e-01 -3.4301e+00 +9.0996e-01 +2.8105e-01
"function evaluation" "noise-free fitness - Fopt (2.169000000000e+01)" "best noise-free fitness - Fopt" "measured fitness" "best measured fitness" "x1" "x2"
1 +3.517939120e+03 +3.517939120e+03 +3.539629120e+03 +3.539629120e+03 +2.0282e+00 -3.5511e+00 +3.6198e-01 +9.3850e-01 -3.5418e+00 +1.5800e+00 +2.4688e+00 -2.8066e-01 +2.7615e+00 -1.6284e+00
2 +6.922035737e+02 +6.922035737e+02 +7.138935737e+02 +7.138935737e+02 -1.3643e+00 +6.7022e-01 +1.6250e+00 +7.4968e-01 -3.3575e+00 +2.1435e+00 -3.3635e+00 -3.5936e+00 -2.0207e+00 -1.2880e+00
3 +5.086804572e+02 +5.086804572e+02 +5.303704572e+02 +5.303704572e+02 +1.2974e+00 -3.1024e+00 -1.1892e+00 +1.4159e-01 -3.8221e+00 -1.0356e-01 -2.8313e+00 -3.4712e+00 -3.0039e+00 +1.7552e+00
14 +3.502888148e+02 +3.502888148e+02 +3.719788148e+02 +3.719788148e+02 +5.0864e-01 +3.0738e+00 -3.5937e+00 +5.2339e-01 -9.0470e-01 -1.1638e+00 +3.1232e+00 -9.4263e-01 -3.3241e+00 +2.0389e+00
556 +1.787963468e+02 +1.787963468e+02 +2.004863468e+02 +2.004863468e+02 -2.0042e-01 -2.3978e+00 +1.6168e+00 +3.8917e-01 +8.3603e-02 -1.3782e+00 +2.7418e+00 -2.0784e+00 -4.8778e-01 +1.5038e+00
"function evaluation" "noise-free fitness - Fopt (8.232000000000e+01)" "best noise-free fitness - Fopt" "measured fitness" "best measured fitness" "x1" "x2"
1 +3.971751917e+03 +3.971751917e+03 +4.054071917e+03 +4.054071917e+03 -2.2025e+00 -9.5020e-01 +3.4900e-01 -3.4541e-01 +6.4524e-01 +8.9828e-01 +3.5958e+00 -1.6201e+00 +3.8409e+00 -4.1950e-01
2 +8.421739327e+02 +8.421739327e+02 +9.244939327e+02 +9.244939327e+02 +1.8059e+00 -2.1009e+00 -2.1752e+00 -3.5835e+00 +9.8185e-02 -1.8745e+00 -2.1139e+00 +3.7047e+00 -2.9918e+00 -1.8963e+00
3 +5.792122309e+02 +5.792122309e+02 +6.615322309e+02 +6.615322309e+02 -3.5033e+00 -2.2424e+00 -5.2576e-02 -2.9756e+00 -3.3959e+00 -1.1819e+00 -2.4416e+00 -1.4768e+00 -3.1181e+00 -1.8858e+00
27 +2.468719371e+02 +2.468719371e+02 +3.291919371e+02 +3.291919371e+02 -8.1967e-01 +3.0206e+00 +5.1705e-01 +2.1597e+00 -7.8300e-01 -2.0199e+00 -1.3880e+00 -2.1726e+00 -1.7125e-01 +3.6643e-01
"function evaluation" "noise-free fitness - Fopt (2.034600000000e+02)" "best noise-free fitness - Fopt" "measured fitness" "best measured fitness" "x1" "x2"
1 +1.615851690e+03 +1.615851690e+03 +1.819311690e+03 +1.819311690e+03 -1.4278e+00 -1.7520e+00 -2.8752e-01 -1.0587e+00 -1.7201e+00 +3.2904e+00 +3.6110e+00 -3.5628e+00 -1.4139e+00 +2.4591e-01
5 +5.850961997e+02 +5.850961997e+02 +7.885561997e+02 +7.885561997e+02 -1.5250e+00 +2.2506e+00 +2.2233e+00 +2.5743e+00 -1.0812e+00 +7.3292e-01 -1.0636e+00 +9.0001e-01 -2.8774e+00 +7.9419e-01
15 +3.911525318e+02 +3.911525318e+02 +5.946125318e+02 +5.946125318e+02 -6.2429e-01 +2.1555e+00 -3.0475e+00 +3.8608e+00 -9.1612e-01 +3.6368e-01 -3.6193e+00 -1.6037e+00 +2.7080e+00 +3.5141e-01
113 +2.422823579e+02 +2.422823579e+02 +4.457423579e+02 +4.457423579e+02 -4.3011e-01 +2.9234e+00 -2.2883e+00 +3.3819e+00 -2.4017e-01 -7.6078e-01 +7.0489e-01 +3.1756e+00 +7.4869e-01 -1.0759e-01
"function evaluation" "noise-free fitness - Fopt (-1.000000000000e+03)" "best noise-free fitness - Fopt" "measured fitness" "best measured fitness" "x1" "x2"
1 +1.944228192e+03 +1.944228192e+03 +9.442281922e+02 +9.442281922e+02 -2.1118e+00 +3.8949e+00 +1.3930e+00 -1.4844e+00 -4.3792e-02 +3.9419e+00 +1.8161e+00 -9.8420e-01 +2.6356e+00 -1.6641e+00
3 +7.125538575e+02 +7.125538575e+02 -2.874461425e+02 -2.874461425e+02 -2.1168e+00 -1.6899e+00 +1.9926e+00 +3.0390e-01 +5.5681e-02 -3.7847e+00 +3.8941e+00 +2.8959e+00 +1.1392e+00 -2.4064e+00
4 +3.322096868e+02 +3.322096868e+02 -6.677903132e+02 -6.677903132e+02 -4.0782e-02 +3.3507e+00 -5.4385e-01 -3.6643e+00 +1.1284e+00 -3.4222e+00 +2.8672e+00 +3.5549e+00 +8.7200e-01 +1.0121e+00
28 +2.093351767e+02 +2.093351767e+02 -7.906648233e+02 -7.906648233e+02 -2.2948e+00 +1.0820e+00 +1.8402e+00 +1.9828e+00 -1.6278e+00 +2.3121e+00 +5.6673e-01 -1.2747e+00 +1.1594e+00 +3.3791e+00
"function evaluation" "noise-free fitness - Fopt (-2.091000000000e+01)" "best noise-free fitness - Fopt" "measured fitness" "best measured fitness" "x1" "x2"
1 +3.588430754e+03 +3.588430754e+03 +3.567520754e+03 +3.567520754e+03 -1.2531e+00 +3.0341e-02 -1.4593e+00 -9.4417e-01 -1.5590e+00 -4.8733e-02 +2.9422e+00 +3.7514e+00 +2.9764e+00 +2.6214e+00
2 +1.103596078e+03 +1.103596078e+03 +1.082686078e+03 +1.082686078e+03 -1.1701e+00 -2.6219e+00 +8.2888e-01 +1.4339e+00 +3.2642e+00 +8.0363e-01 -2.8837e+00 +1.2209e+00 -5.9243e-01 +1.9227e+00
3 +9.883546727e+02 +9.883546727e+02 +9.674446727e+02 +9.674446727e+02 -1.5532e+00 -3.5633e+00 +1.9200e+00 -2.0769e+00 -3.6860e+00 +3.8949e+00 -3.1816e+00 -3.5221e+00 -2.5122e+00 -2.4333e+00
6 +4.353767978e+02 +4.353767978e+02 +4.144667978e+02 +4.144667978e+02 +1.1537e+00 -1.2046e+00 +6.2790e-01 -2.0664e+00 +1.8983e+00 +3.6269e+00 +1.1849e+00 -3.2657e+00 +3.4860e+00 -2.0505e+00
12 +3.914335371e+02 +3.914335371e+02 +3.705235371e+02 +3.705235371e+02 -6.1215e-02 -2.6338e+00 -2.9785e+00 -3.2239e+00 +2.0722e+00 +1.4026e+00 -1.5011e+00 -1.7163e+00 +3.3332e+00 +2.4475e+00
22 +1.978141095e+02 +1.978141095e+02 +1.769041095e+02 +1.769041095e+02 +2.0254e+00 +3.8600e+00 -1.1781e+00 +2.0094e+00 +7.3429e-01 +1.7147e+00 -4.8762e-01 -2.6193e+00 +1.4572e+00 -8.6242e-01
"function evaluation" "noise-free fitness - Fopt (1.150000000000e+01)" "best noise-free fitness - Fopt" "measured fitness" "best measured fitness" "x1" "x2"
1 +2.348739063e+03 +2.348739063e+03 +2.360239063e+03 +2.360239063e+03 +2.0282e+00 -3.5511e+00 +3.6198e-01 +9.3850e-01 -3.5418e+00 +1.5800e+00 +2.4688e+00 -2.8066e-01 +2.7615e+00 -1.6284e+00
2 +7.275823523e+02 +7.275823523e+02 +7.390823523e+02 +7.390823523e+02 -1.3643e+00 +6.7022e-01 +1.6250e+00 +7.4968e-01 -3.3575e+00 +2.1435e+00 -3.3635e+00 -3.5936e+00 -2.0207e+00 -1.2880e+00
7 +5.441966171e+02 +5.441966171e+02 +5.556966171e+02 +5.556966171e+02 +8.2819e-01 +2.8923e+00 -1.2705e+00 +3.6498e+00 -1.7365e+00 +2.3778e+00 -1.5603e+00 -3.0772e+00 +3.0286e+00 -3.2072e+00
25 +3.693232763e+02 +3.693232763e+02 +3.808232763e+02 +3.808232763e+02 +2.8390e+00 -3.5563e+00 +3.7067e-01 +1.6498e+00 +2.5515e+00 +1.3659e+00 -3.5913e+00 +3.8534e+00 +5.4739e-01 -4.5466e-01
29 +2.501209708e+02 +2.501209708e+02 +2.616209708e+02 +2.616209708e+02 +1.1506e+00 -1.8769e-01 -1.0299e-01 +1.6742e+00 +1.6463e+00 -1.1093e+00 -9.6082e-01 +9.0278e-01 +7.0016e-01 +2.2808e+00
"function evaluation" "noise-free fitness - Fopt (6.630000000000e+01)" "best noise-free fitness - Fopt" "measured fitness" "best measured fitness" "x1" "x2"
1 +6.244867770e+03 +6.244867770e+03 +6.311167770e+03 +6.311167770e+03 -2.1118e+00 +3.8949e+00 +1.3930e+00 -1.4844e+00 -4.3792e-02 +3.9419e+00 +1.8161e+00 -9.8420e-01 +2.6356e+00 -1.6641e+00
6 +7.437902313e+02 +7.437902313e+02 +8.100902313e+02 +8.100902313e+02 +2.3272e+00 +3.2364e+00 +8.9632e-02 +1.2426e+00 -2.1408e+00 -1.7068e+00 +4.0666e-01 +2.1275e+00 -1.7822e+00 -2.3006e+00
19 +5.527930152e+02 +5.527930152e+02 +6.190930152e+02 +6.190930152e+02 -3.4969e+00 +3.1939e+00 -2.2938e+00 +2.3335e+00 +2.0144e+00 +3.0185e+00 -2.1495e+00 -2.0650e-01 -3.2894e+00 -2.7591e+00
38 +3.055868444e+02 +3.055868444e+02 +3.718868444e+02 +3.718868444e+02 +9.4492e-01 -1.3676e+00 +1.2663e+00 -3.0017e+00 -2.8809e+00 +2.1914e+00 -2.1811e+00 +1.8172e+00 -1.2263e+00 +1.1882e+00
175 +2.157357113e+02 +2.157357113e+02 +2.820357113e+02 +2.820357113e+02 -2.3126e+00 +2.4613e+00 +3.5137e+00 -1.1763e+00 -5.9633e-01 -2.0569e-01 +5.1210e-01 -4.8468e-01 -4.4512e-01 +5.7177e-01
276 +1.293874376e+02 +1.293874376e+02 +1.956874376e+02 +1.956874376e+02 -5.4545e-01 +1.5415e+00 +2.0381e+00 -2.3288e+00 +9.9514e-01 +9.6088e-02 -4.2372e-01 +9.2856e-01 -8.3549e-01 -2.7130e-01
"function evaluation" "noise-free fitness - Fopt (4.634000000000e+01)" "best noise-free fitness - Fopt" "measured fitness" "best measured fitness" "x1" "x2"
1 +6.995987716e+02 +6.995987716e+02 +7.459387716e+02 +7.459387716e+02 +1.9086e+00 -5.2751e-01 +7.2623e-02 -7.7726e-01 -3.2363e-01 +2.9499e+00 -3.1678e+00 -2.1723e+00 -3.7462e+00 +3.8039e+00
3 +5.932902679e+02 +5.932902679e+02 +6.396302679e+02 +6.396302679e+02 +8.9077e-01 -3.2194e+00 -3.2371e+00 +2.4679e+00 -2.0198e+00 -3.0210e+00 +1.1890e+00 -3.9818e-01 -2.2244e+00 -2.1376e+00
9 +3.657385369e+02 +3.657385369e+02 +4.120785369e+02 +4.120785369e+02 +2.5789e-01 +1.1365e+00 -2.8962e+00 +3.3614e+00 +4.5709e-01 -8.8549e-01 +4.9498e-01 +1.5702e+00 +1.6291e-01 +7.5588e-01
136 +1.877487413e+02 +1.877487413e+02 +2.340887413e+02 +2.340887413e+02 +1.5741e+00 +1.4007e-01 +7.4887e-01 +1.6178e+00 -3.1596e-01 -9.0689e-01 -1.3344e+00 -1.7534e+00 +2.8696e+00 -1.2308e+00
"function evaluation" "noise-free fitness - Fopt (-2.104000000000e+01)" "best noise-free fitness - Fopt" "measured fitness" "best measured fitness" "x1" "x2"
1 +3.856678385e+02 +3.856678385e+02 +3.646278385e+02 +3.646278385e+02 +9.7213e-01 +6.1040e-01 -3.7504e-01 +7.0883e-01 -2.1018e-01 -3.0998e+00 +8.8553e-01 -1.7521e+00 -8.7603e-01 -3.5928e-01
21 +2.509046702e+02 +2.509046702e+02 +2.298646702e+02 +2.298646702e+02 +2.5900e+00 +2.6020e+00 -3.3912e+00 +2.9331e+00 -2.0687e+00 -4.6463e-01 -1.6298e-01 -3.3197e+00 +1.3356e+00 -2.5356e+00
"function evaluation" "noise-free fitness - Fopt (5.098000000000e+01)" "best noise-free fitness - Fopt" "measured fitness" "best measured fitness" "x1" "x2"
1 +1.867718975e+03 +1.867718975e+03 +1.918698975e+03 +1.918698975e+03 -1.0595e+00 +3.9269e+00 -2.3438e+00 +2.3326e+00 -9.0697e-01 +2.1177e+00 +1.2125e+00 -4.5600e-01 +2.0156e+00 +2.2096e+00
3 +1.078515937e+03 +1.078515937e+03 +1.129495937e+03 +1.129495937e+03 +1.9377e+00 -3.2188e+00 -2.4623e+00 +1.9878e+00 -3.2495e+00 +3.0308e+00 +1.6494e+00 +2.3137e+00 -7.5156e-01 -3.6572e+00
8 +4.280407209e+02 +4.280407209e+02 +4.790207209e+02 +4.790207209e+02 +1.1309e+00 -1.6965e-01 +2.7773e+00 +1.3933e+00 -3.9689e+00 -1.1804e+00 +3.6149e+00 -2.7907e+00 -6.0191e-01 +3.0422e+00
9 +2.710011312e+02 +2.710011312e+02 +3.219811312e+02 +3.219811312e+02 -3.0952e+00 -1.0798e+00 +3.0942e+00 -3.3581e+00 -9.5046e-01 -3.4601e+00 +4.3917e-01 +2.2233e+00 -8.0668e-01 +3.9321e+00
136 +1.782218357e+02 +1.782218357e+02 +2.292018357e+02 +2.292018357e+02 -1.6659e+00 -1.5569e+00 -5.6345e-01 -1.3852e+00 -2.9832e+00 -3.3111e+00 +3.1412e+00 +3.7346e-01 +6.4805e-01 +2.5127e+00
"function evaluation" "noise-free fitness - Fopt (-3.578000000000e+01)" "best noise-free fitness - Fopt" "measured fitness" "best measured fitness" "x1" "x2"
1 +4.428723375e+02 +4.428723375e+02 +4.070923375e+02 +4.070923375e+02 -3.2082e+00 +2.5751e+00 -2.9576e+00 +1.1334e+00 -1.5066e+00 +1.8166e+00 +1.2795e+00 -2.7037e+00 -3.5941e+00 +3.3447e+00
22 +2.095688858e+02 +2.095688858e+02 +1.737888858e+02 +1.737888858e+02 -6.6092e-02 -3.0819e+00 +2.7971e+00 +2.6026e+00 -3.8952e+00 -6.6027e-01 +1.7096e-01 -2.8585e+00 -1.5901e+00 +1.8143e+00
102 +1.460217501e+02 +1.460217501e+02 +1.102417501e+02 +1.102417501e+02 -9.8787e-01 -3.6438e+00 +1.3661e+00 -4.3845e-01 +4.3688e-01 -9.2949e-01 +2.3094e+00 -2.4414e+00 -9.2077e-01 +2.3098e+00
"function evaluation" "noise-free fitness - Fopt (-3.774000000000e+01)" "best noise-free fitness - Fopt" "measured fitness" "best measured fitness" "x1" "x2"
1 +8.765913948e+02 +8.765913948e+02 +8.388513948e+02 +8.388513948e+02 +3.1025e+00 -4.0186e-01 +1.4926e+00 +3.9295e+00 -2.8993e+00 -1.3395e+00 +2.2402e+00 +2.2251e+00 -1.7297e+00 -7.3284e-01
5 +5.326105928e+02 +5.326105928e+02 +4.948705928e+02 +4.948705928e+02 +3.0670e+00 -1.6394e+00 +1.3591e+00 -3.0815e+00 -9.8319e-01 -2.9572e+00 +3.8647e+00 +3.7049e+00 +1.5630e+00 +5.6368e-02
9 +3.031200360e+02 +3.031200360e+02 +2.653800360e+02 +2.653800360e+02 -1.7615e+00 +2.8384e+00 -1.6331e+00 -2.3917e+00 -2.3385e+00 +3.7961e-01 -8.2915e-01 +3.6151e+00 +1.8690e+00 +3.8243e+00
175 +1.975283568e+02 +1.975283568e+02 +1.597883568e+02 +1.597883568e+02 +2.0151e+00 +2.4346e+00 -4.5013e-01 +2.4571e-01 +9.9012e-01 -1.3172e+00 +3.4387e+00 -3.9258e-01 +1.7761e+00 +3.8211e+00
"function evaluation" "noise-free fitness - Fopt (1.330200000000e+02)" "best noise-free fitness - Fopt" "measured fitness" "best measured fitness" "x1" "x2"
1 +7.605383391e+03 +7.605383391e+03 +7.738403391e+03 +7.738403391e+03 -1.3688e+00 +2.1253e+00 -3.8245e+00 +2.1302e-01 -1.2017e+00 +1.7401e-01 +1.2494e+00 +2.6908e+00 +3.6152e+00 +3.5105e+00
2 +7.474996675e+02 +7.474996675e+02 +8.805196675e+02 +8.805196675e+02 +1.7391e+00 -3.3118e+00 +7.3460e-01 +1.4830e-01 -3.5088e+00 +6.4449e-01 +2.7343e+00 +2.3160e+00 -6.0885e-01 +3.7424e+00
7 +4.334433003e+02 +4.334433003e+02 +5.664633003e+02 +5.664633003e+02 -1.6848e+00 +6.7651e-01 -7.8408e-01 -8.9675e-01 +1.7522e-01 -2.5810e+00 +3.5224e+00 -3.7422e+00 -8.6754e-02 -1.3216e+00
13 +3.540560053e+02 +3.540560053e+02 +4.870760053e+02 +4.870760053e+02 +2.4383e+00 -2.2710e+00 -5.4317e-01 +1.8820e+00 +7.6767e-01 -5.3108e-01 +2.7841e+00 +7.9521e-01 -9.3350e-01 +1.0672e+00
257 +2.354844532e+02 +2.354844532e+02 +3.685044532e+02 +3.685044532e+02 -8.6579e-01 -1.7333e+00 -1.4612e+00 -5.6739e-01 +1.9135e+00 -1.2011e+00 +3.1100e+00 +2.5859e+00 -1.1559e+00 -3.9807e+00
"function evaluation" "noise-free fitness - Fopt (-1.742300000000e+02)" "best noise-free fitness - Fopt" "measured fitness" "best measured fitness" "x1" "x2"
1 +1.197086612e+03 +1.197086612e+03 +1.022856612e+03 +1.022856612e+03 +3.0017e+00 -6.3342e-02 -1.7341e+00 -3.7440e+00 -1.7495e+00 +2.7528e+00 +6.9298e-01 +3.9072e+00 -3.3250e+00 +3.3147e+00
3 +6.362463268e+02 +6.362463268e+02 +4.620163268e+02 +4.620163268e+02 -1.6663e+00 +3.5750e+00 +3.4017e+00 +2.0624e+00 -3.8585e+00 -2.1582e+00 +7.7504e-01 +3.4040e+00 -1.3787e+00 -3.3518e+00
5 +3.833630284e+02 +3.833630284e+02 +2.091330284e+02 +2.091330284e+02 +2.7991e+00 -2.8410e+00 +3.1863e+00 -2.3326e+00 -3.7771e+00 +9.3552e-01 -1.5184e+00 +4.8181e-01 +3.0033e+00 -9.5574e-02
65 +2.154070989e+02 +2.154070989e+02 +4.117709889e+01 +4.117709889e+01 -1.7694e-01 +3.0372e-01 -1.1751e+00 -8.9507e-01 +3.0145e+00 -3.1479e+00 -7.3073e-01 -1.0426e+00 +2.9880e+00 -3.9568e+00
"function evaluation" "noise-free fitness - Fopt (6.380000000000e+00)" "best noise-free fitness - Fopt" "measured fitness" "best measured fitness" "x1" "x2"
1 +1.138353470e+03 +1.138353470e+03 +1.144733470e+03 +1.144733470e+03 -2.7081e+00 -2.5013e+00 +3.0547e+00 -3.9951e+00 -1.5203e+00 -9.5571e-01 -1.6480e+00 -2.9156e+00 -2.5325e+00 +1.6790e+00
4 +6.852373075e+02 +6.852373075e+02 +6.916173075e+02 +6.916173075e+02 -2.2434e+00 -3.2723e+00 +1.8634e+00 +3.5782e+00 +1.6869e+00 +3.0930e+00 +8.7784e-02 +2.4503e+00 -1.8855e+00 -5.2023e-01
5 +2.662086192e+02 +2.662086192e+02 +2.725886192e+02 +2.725886192e+02 -2.3730e+00 +1.2038e+00 -8.1331e-01 +2.5209e+00 -2.8366e+00 -1.3593e+00 +7.9623e-01 -1.2698e+00 +1.3565e+00 -9.5353e-01
178 +2.239057486e+02 +2.239057486e+02 +2.302857486e+02 +2.302857486e+02 +3.4535e+00 -3.5310e+00 +1.9583e+00 -1.1713e+00 -5.6500e-01 -3.3349e+00 +7.3202e-01 +7.4846e-01 -9.7244e-02 -2.5126e+00
"function evaluation" "noise-free fitness - Fopt (1.437000000000e+01)" "best noise-free fitness - Fopt" "measured fitness" "best measured fitness" "x1" "x2"
1 +6.946023986e+03 +6.946023986e+03 +6.960393986e+03 +6.960393986e+03 -3.3170e+00 -3.0745e+00 -1.7624e+00 +2.8417e+00 +8.8627e-01 -2.3817e+00 -2.7202e+00 +2.7312e+00 +3.7005e+00 +7.9133e-01
2 +4.894810254e+03 +4.894810254e+03 +4.909180254e+03 +4.909180254e+03 -1.9060e-01 +8.9348e-01 -1.3016e+00 +2.0178e+00 +2.1780e+00 +4.1681e-02 +3.7729e+00 +8.6765e-01 -2.0658e+00 +9.5691e-02
3 +5.115966201e+02 +5.115966201e+02 +5.259666201e+02 +5.259666201e+02 +1.8745e+00 -3.1269e+00 -3.1164e+00 -1.8793e+00 -3.4347e+00 -1.6503e-01 -3.9808e+00 -1.3758e+00 +6.7962e-01 +4.0613e-01
6 +3.684638767e+02 +3.684638767e+02 +3.828338767e+02 +3.828338767e+02 +2.4366e+00 -1.6340e+00 -2.7410e-01 +3.2623e+00 -4.9263e-01 -2.4190e+00 -1.5075e+00 +3.7203e+00 -1.3436e+00 +2.1720e+00
47 +2.387878178e+02 +2.387878178e+02 +2.531578178e+02 +2.531578178e+02 +2.4423e+00 +3.5650e+00 -7.4768e-01 +2.6173e+00 +1.0385e+00 -3.2169e+00 -1.3891e-01 +1.9453e+00 -1.5928e+00 +2.6027e+00
"function evaluation" "noise-free fitness - Fopt (-3.260000000000e+00)" "best noise-free fitness - Fopt" "measured fitness" "best measured fitness" "x1" "x2"
1 +1.580414198e+03 +1.580414198e+03 +1.577154198e+03 +1.577154198e+03 +7.9666e-01 -2.9643e+00 +2.9690e+00 -8.2407e-01 -2.9464e+00 -2.6767e+00 +2.2861e+00 +8.1539e-01 -1.4241e+00 +2.9682e-01
3 +2.852890499e+02 +2.852890499e+02 +2.820290499e+02 +2.820290499e+02 +5.5220e-01 +2.5441e+00 +1.4343e+00 -1.1593e+00 -1.6842e+00 -1.6117e+00 -2.2061e+00 +2.5013e+00 +1.1416e-01 +1.2914e+00
408 +2.382013988e+02 +2.382013988e+02 +2.349413988e+02 +2.349413988e+02 +3.7103e-02 +1.5160e+00 -1.7974e+00 -2.6087e+00 +1.2095e+00 -3.3797e+00 -5.6256e-01 +2.9172e+00 +3.7173e-01 +2.1218e+00
"function evaluation" "noise-free fitness - Fopt (-2.056200000000e+02)" "best noise-free fitness - Fopt" "measured fitness" "best measured fitness" "x1" "x2"
1 +7.909996788e+02 +7.909996788e+02 +5.853796788e+02 +5.853796788e+02 +1.5924e+00 -6.9282e-01 +1.0794e+00 -2.0795e+00 +2.1440e+00 -1.7469e+00 -5.6467e-01 -1.4095e+00 -2.2688e+00 -2.2603e+00
16 +6.256350215e+02 +6.256350215e+02 +4.200150215e+02 +4.200150215e+02 -4.6195e-01 -2.0251e+00 -3.7832e+00 +2.4090e+00 -1.6753e+00 +6.0220e-01 -9.1446e-01 -3.1956e+00 -2.5747e+00 +1.6133e+00
35 +3.809290404e+02 +3.809290404e+02 +1.753090404e+02 +1.753090404e+02 -6.9838e-01 +1.6773e+00 -4.0812e-01 -9.3149e-02 +1.4286e+00 -3.0216e+00 -1.1391e+00 -9.1690e-01 -1.5930e+00 +6.9601e-01
88 +2.096099798e+02 +2.096099798e+02 +3.989979834e+00 +3.989979834e+00 -3.0935e+00 +5.6467e-01 -7.2117e-01 -2.7131e-01 -4.4821e-01 -1.3142e+00 -2.6710e-01 +3.6573e+00 +4.9695e-01 -2.5440e-01
"function evaluation" "noise-free fitness - Fopt (2.877200000000e+02)" "best noise-free fitness - Fopt" "measured fitness" "best measured fitness" "x1" "x2"
1 +2.938063529e+02 +2.938063529e+02 +5.815263529e+02 +5.815263529e+02 +2.1853e+00 +3.8259e+00 -7.2819e-01 -1.0767e+00 -7.6612e-01 -1.0886e-01 -2.1830e-01 -2.1257e+00 +2.1130e+00 +1.1595e+00
228 +2.402757409e+02 +2.402757409e+02 +5.279957409e+02 +5.279957409e+02 -1.5140e+00 -3.3808e+00 -2.5629e+00 -2.6685e+00 +5.0292e-01 -3.4580e+00 -1.4685e+00 +2.9336e+00 -6.7530e-01 +7.9398e-01
"function evaluation" "noise-free fitness - Fopt (7.524000000000e+01)" "best noise-free fitness - Fopt" "measured fitness" "best measured fitness" "x1" "x2"
1 +6.686708067e+02 +6.686708067e+02 +7.439108067e+02 +7.439108067e+02 +3.0113e+00 +3.7562e+00 -2.9406e+00 +5.6803e-01 -1.5739e+00 +5.4410e-01 -5.9154e-01 +3.7566e+00 -2.4153e+00 -1.8389e+00
5 +5.212387887e+02 +5.212387887e+02 +5.964787887e+02 +5.964787887e+02 -3.1655e+00 +6.9740e-01 -1.5109e+00 +2.0058e+00 -2.7032e+00 +6.7357e-01 -5.5396e-01 -1.5467e+00 -3.5822e+00 +3.1403e-01
15 +3.359709619e+02 +3.359709619e+02 +4.112109619e+02 +4.112109619e+02 +4.7854e-01 +3.5048e+00 +2.5788e-01 -1.0949e-01 +2.1369e+00 -1.5720e+00 -7.8431e-02 -3.3267e+00 -6.5070e-01 +2.4539e+00
58 +1.923611223e+02 +1.923611223e+02 +2.676011223e+02 +2.676011223e+02 +6.4210e-01 +1.5304e+00 -7.8243e-01 -6.5375e-01 +1.4400e-01 +1.1131e+00 +1.0433e+00 -2.7606e+00 -1.8412e+00 -1.6314e+00
560 +1.427696311e+02 +1.427696311e+02 +2.180096311e+02 +2.180096311e+02 +8.4199e-01 +9.5307e-01 -1.0696e+00 -1.4903e+00 +3.8231e+00 -2.2785e-01 +1.0485e+00 -2.5844e+00 +5.1763e-01 -3.1784e+00
"function evaluation" "noise-free fitness - Fopt (-4.174000000000e+01)" "best noise-free fitness - Fopt" "measured fitness" "best measured fitness" "x1" "x2"
1 +7.437804931e+02 +7.437804931e+02 +7.020404931e+02 +7.020404931e+02 +1.1262e+00 -8.3339e-01 -2.8898e+00 -1.8307e+00 -1.1567e+00 -2.3970e+00 +1.3585e+00 -9.2711e-01 -8.4882e-01 -3.7120e+00
4 +3.095675374e+02 +3.095675374e+02 +2.678275374e+02 +2.678275374e+02 +2.1258e+00 +9.4063e-01 -3.9020e+00 +3.7430e+00 -2.4105e+00 +3.3640e+00 -5.7019e-01 -8.5011e-01 +6.7425e-01 +1.6756e+00
49 +2.496741171e+02 +2.496741171e+02 +2.079341171e+02 +2.079341171e+02 +2.6953e+00 -1.8524e+00 -1.4878e+00 +3.0128e+00 +6.2102e-01 +3.5871e+00 +1.2924e+00 +9.1534e-01 -3.3311e-01 +1.6315e+00
"function evaluation" "noise-free fitness - Fopt (-4.948600000000e+02)" "best noise-free fitness - Fopt" "measured fitness" "best measured fitness" "x1" "x2"
1 +1.367854723e+03 +1.367854723e+03 +8.729947232e+02 +8.729947232e+02 -2.7630e+00 +3.9266e+00 -2.5089e+00 -1.2576e+00 -2.2572e-01 -3.6832e+00 -1.2120e+00 -3.8393e+00 +1.9782e+00 -3.3716e+00
2 +6.650304345e+02 +6.650304345e+02 +1.701704345e+02 +1.701704345e+02 +3.0910e+00 -2.4115e+00 +7.6935e-01 +2.8171e+00 -2.2653e+00 +5.8808e-01 -3.0509e+00 -4.5144e-03 -1.8682e+00 -1.4400e+00
3 +3.521364449e+02 +3.521364449e+02 -1.427235551e+02 -1.427235551e+02 +3.1329e+00 -7.4596e-01 -1.1619e+00 -2.7997e+00 +3.5779e+00 -1.1433e+00 -1.8445e-01 +2.3321e+00 +2.5265e-01 +2.9443e+00
104 +2.435644505e+02 +2.435644505e+02 -2.512955495e+02 -2.512955495e+02 -1.1963e+00 -2.9593e+00 -9.0836e-01 -2.1565e+00 +2.5989e+00 +1.9141e-01 -7.2089e-01 -7.5784e-01 -1.1682e+00 +2.8541e+00
"function evaluation" "noise-free fitness - Fopt (3.484000000000e+02)" "best noise-free fitness - Fopt" "measured fitness" "best measured fitness" "x1" "x2"
1 +8.405730171e+02 +8.405730171e+02 +1.188973017e+03 +1.188973017e+03 -2.7630e+00 +3.9266e+00 -2.5089e+00 -1.2576e+00 -2.2572e-01 -3.6832e+00 -1.2120e+00 -3.8393e+00 +1.9782e+00 -3.3716e+00
3 +4.793482988e+02 +4.793482988e+02 +8.277482988e+02 +8.277482988e+02 +3.1329e+00 -7.4596e-01 -1.1619e+00 -2.7997e+00 +3.5779e+00 -1.1433e+00 -1.8445e-01 +2.3321e+00 +2.5265e-01 +2.9443e+00
20 +3.911548237e+02 +3.911548237e+02 +7.395548237e+02 +7.395548237e+02 +1.9903e+00 +4.6979e-01 -3.9718e+00 -8.7702e-01 +2.4716e+00 +7.5754e-02 -3.9205e+00 -3.6899e-01 +2.4784e+00 +5.1420e-01
244 +1.861304480e+02 +1.861304480e+02 +5.345304480e+02 +5.345304480e+02 +3.7151e-01 -1.4511e+00 -3.8150e+00 -2.0574e+00 +2.8082e+00 +3.0764e+00 +2.1920e+00 -2.8565e-01 +3.0899e+00 +1.6733e+00
766 +1.567612987e+02 +1.567612987e+02 +5.051612987e+02 +5.051612987e+02 +1.8863e+00 +2.2820e+00 -1.8069e+00 -2.9599e+00 +1.3490e+00 +6.9450e-01 +1.8236e-01 -1.8324e+00 +3.0172e+00 +1.9016e+00
"function evaluation" "noise-free fitness - Fopt (3.770000000000e+00)" "best noise-free fitness - Fopt" "measured fitness" "best measured fitness" "x1" "x2"
1 +1.251002822e+03 +1.251002822e+03 +1.254772822e+03 +1.254772822e+03 -3.2473e+00 +1.8808e+00 +6.2381e-03 -8.5569e-01 -1.4717e+00 +2.4960e+00 +3.5623e+00 +6.2398e-01 +3.9917e+00 -1.2274e+00
2 +4.059385575e+02 +4.059385575e+02 +4.097085575e+02 +4.097085575e+02 +1.9283e+00 -2.7556e+00 +1.7695e+00 -2.7194e-01 -3.5040e+00 +3.6561e+00 -1.0915e+00 +2.8804e+00 +2.2176e+00 +1.9943e+00
10 +3.751037932e+02 +3.751037932e+02 +3.788737932e+02 +3.788737932e+02 -1.9729e+00 -3.2969e+00 +2.4259e+00 -3.4200e+00 +2.8548e+00 +2.8700e-01 +4.2538e-01 -2.4326e+00 +1.7421e+00 +5.8187e-01
115 +2.212145453e+02 +2.212145453e+02 +2.249845453e+02 +2.249845453e+02 -3.1381e+00 -1.6851e+00 +1.4733e+00 +3.2973e+00 +1.9197e+00 +3.0664e+00 +1.7797e+00 +4.1136e-01 +1.9023e+00 +6.4632e-01
"function evaluation" "noise-free fitness - Fopt (3.770000000000e+01)" "best noise-free fitness - Fopt" "measured fitness" "best measured fitness" "x1" "x2"
1 +1.229873431e+03 +1.229873431e+03 +1.267573431e+03 +1.267573431e+03 -1.7752e-01 +3.2853e+00 +1.2686e+00 +8.3884e-01 +3.7545e+00 +4.0925e-01 -8.2708e-01 +3.8491e+00 +2.3011e+00 +2.9015e-01
2 +4.944807576e+02 +4.944807576e+02 +5.321807576e+02 +5.321807576e+02 -1.9095e+00 -3.0262e+00 -1.1572e+00 +3.2426e+00 +1.2565e-01 +3.9968e+00 -1.1966e+00 -2.8685e+00 +2.5216e+00 +3.1860e+00
17 +3.961804413e+02 +3.961804413e+02 +4.338804413e+02 +4.338804413e+02 -1.6075e+00 +1.3267e+00 +8.2560e-01 -1.8515e-01 +7.5513e-02 +3.3618e+00 -5.7980e-01 -2.7442e+00 +2.3655e+00 -3.7687e+00
548 +2.123907793e+02 +2.123907793e+02 +2.500907793e+02 +2.500907793e+02 +2.5777e-01 +8.1777e-01 +1.8018e+00 -7.5709e-01 +1.4250e+00 +3.0296e+00 +1.0438e+00 -1.9426e+00 +1.7458e+00 -1.4573e+00
"function evaluation" "noise-free fitness - Fopt (6.956900000000e+02)" "best noise-free fitness - Fopt" "measured fitness" "best measured fitness" "x1" "x2"
1 +4.489767725e+02 +4.489767725e+02 +1.144666773e+03 +1.144666773e+03 -2.9837e+00 -3.9362e+00 +1.8829e+00 +6.1420e-01 +4.7966e-01 -2.9060e+00 -1.3133e+00 -2.4141e+00 +1.0366e+00 +2.8188e+00
4 +3.640345111e+02 +3.640345111e+02 +1.059724511e+03 +1.059724511e+03 -1.9002e+00 -2.8993e+00 +5.1633e-01 -2.6873e-01 -3.3298e+00 -3.9260e+00 -1.0134e+00 -1.8350e+00 -8.1419e-01 -1.2183e+00
187 +2.113052275e+02 +2.113052275e+02 +9.069952275e+02 +9.069952275e+02 +2.7756e+00 -4.2883e-01 -6.8247e-01 -4.9242e-01 +2.5128e-01 -9.6392e-01 +3.1280e+00 +8.9547e-01 -1.9832e-02 -7.0141e-02
"function evaluation" "noise-free fitness - Fopt (-1.180300000000e+02)" "best noise-free fitness - Fopt" "measured fitness" "best measured fitness" "x1" "x2"
1 +5.486277258e+02 +5.486277258e+02 +4.305977258e+02 +4.305977258e+02 -2.9781e+00 -2.6446e+00 +4.0966e-01 -2.7193e+00 +3.9245e+00 +1.2574e+00 -3.6565e+00 +2.8361e+00 -5.0283e-01 +3.2142e+00
36 +3.262400711e+02 +3.262400711e+02 +2.082100711e+02 +2.082100711e+02 -2.1262e+00 +7.1912e-01 -2.1728e+00 -3.2579e+00 +3.5796e+00 -9.5132e-01 -2.3315e+00 +2.7084e+00 +1.3184e+00 +2.8448e+00
265 +1.781336825e+02 +1.781336825e+02 +6.010368246e+01 +6.010368246e+01 -2.0897e+00 -1.7372e+00 -2.3086e+00 -4.9225e-01 +3.9913e+00 -6.9133e-01 +3.7322e+00 +1.9696e+00 +1.3020e+00 +1.5213e+00
"function evaluation" "noise-free fitness - Fopt (4.816000000000e+01)" "best noise-free fitness - Fopt" "measured fitness" "best measured fitness" "x1" "x2"
1 +1.707389179e+03 +1.707389179e+03 +1.755549179e+03 +1.755549179e+03 -2.9781e+00 -2.6446e+00 +4.0966e-01 -2.7193e+00 +3.9245e+00 +1.2574e+00 -3.6565e+00 +2.8361e+00 -5.0283e-01 +3.2142e+00
3 +1.257115419e+03 +1.257115419e+03 +1.305275419e+03 +1.305275419e+03 -5.7965e-01 -3.6147e-01 -1.2300e+00 +3.1137e+00 +3.6830e+00 -2.3793e+00 +2.4712e+00 +3.5924e+00 -9.5178e-01 -8.6601e-01
4 +3.650857298e+02 +3.650857298e+02 +4.132457298e+02 +4.132457298e+02 +2.0771e+00 +2.6299e+00 -3.3778e+00 -1.1953e+00 +1.0821e+00 +1.4539e+00 +5.4404e-01 -5.5515e-01 +6.0258e-01 -2.4023e+00
41 +2.389998227e+02 +2.389998227e+02 +2.871598227e+02 +2.871598227e+02 -1.7347e+00 -1.9238e+00 -1.9419e+00 +2.0909e+00 +7.8470e-01 +1.3226e+00 +2.3764e+00 -2.6843e+00 -1.0114e+00 +2.6099e+00
"function evaluation" "noise-free fitness - Fopt (8.384000000000e+01)" "best noise-free fitness - Fopt" "measured fitness" "best measured fitness" "x1" "x2"
1 +3.629572649e+02 +3.629572649e+02 +4.467972649e+02 +4.467972649e+02 -1.0777e-01 -6.7311e-01 +6.1605e-01 -1.8671e-01 -2.4625e+00 +9.8865e-01 -3.3775e+00 +7.7201e-01 -1.8403e+00 -1.0713e+00
17 +2.399429696e+02 +2.399429696e+02 +3.237829696e+02 +3.237829696e+02 +3.0862e-01 -1.5186e-01 +5.5354e-01 +2.4169e+00 -3.2662e+00 -7.7730e-01 -1.4534e+00 -1.1426e+00 +1.2416e+00 -2.7288e+00
"function evaluation" "noise-free fitness - Fopt (1.536000000000e+01)" "best noise-free fitness - Fopt" "measured fitness" "best measured fitness" "x1" "x2"
1 +5.214418380e+02 +5.214418380e+02 +5.368018380e+02 +5.368018380e+02 +1.1083e+00 +1.4158e+00 +3.2655e+00 -2.8849e+00 +1.0717e+00 -8.5480e-02 -1.2085e+00 -1.6470e-01 -5.0474e-01 +2.0418e+00
9 +3.701633560e+02 +3.701633560e+02 +3.855233560e+02 +3.855233560e+02 +1.5165e+00 +1.1079e+00 -3.0567e+00 -1.8868e+00 -2.9865e+00 -2.0520e+00 +1.1186e+00 +3.5014e-01 -1.6544e-01 -2.0442e+00
232 +2.199228125e+02 +2.199228125e+02 +2.352828125e+02 +2.352828125e+02 +8.0104e-01 -1.2609e+00 +1.1739e+00 +2.4507e-01 -2.1591e+00 -1.5666e+00 +2.4829e+00 -2.7824e+00 -4.7514e-01 -3.7690e+00
"function evaluation" "noise-free fitness - Fopt (6.438000000000e+01)" "best noise-free fitness - Fopt" "measured fitness" "best measured fitness" "x1" "x2"
1 +4.560083682e+03 +4.560083682e+03 +4.624463682e+03 +4.624463682e+03 +1.2186e+00 +1.6644e+00 +5.7881e-01 -3.2891e+00 +2.6889e+00 +3.7338e+00 +3.9477e+00 +2.8949e-02 -3.9728e+00 -2.1221e+00
2 +7.771059309e+02 +7.771059309e+02 +8.414859309e+02 +8.414859309e+02 +3.4635e+00 +1.4946e+00 +4.6439e-01 +8.2854e-01 -1.7999e+00 -3.9364e+00 -2.1934e+00 -2.3511e+00 +5.0826e-01 +1.9355e+00
8 +4.630991125e+02 +4.630991125e+02 +5.274791125e+02 +5.274791125e+02 -1.1141e+00 +3.2477e+00 +1.5905e+00 +1.4691e+00 +3.9746e+00 -2.2648e+00 -1.5982e+00 +3.3518e+00 -7.5782e-01 +4.2032e-01
11 +3.401534859e+02 +3.401534859e+02 +4.045334859e+02 +4.045334859e+02 +9.6480e-02 +3.1436e+00 -1.7147e+00 -1.0612e+00 -2.7336e+00 -3.4047e+00 +8.9470e-01 +2.5220e+00 +1.6121e+00 +4.3946e-01
73 +2.279196271e+02 +2.279196271e+02 +2.922996271e+02 +2.922996271e+02 +1.3433e+00 -1.5637e+00 +2.1399e+00 -1.2165e+00 +3.4922e+00 -6.1460e-01 +4.4057e-01 +2.4033e+00 +8.6153e-01 -3.4588e+00
"function evaluation" "noise-free fitness - Fopt (2.824800000000e+02)" "best noise-free fitness - Fopt" "measured fitness" "best measured fitness" "x1" "x2"
1 +4.051348667e+02 +4.051348667e+02 +6.876148667e+02 +6.876148667e+02 +1.5983e+00 +3.8620e-01 -2.9924e+00 +3.7759e+00 +1.6171e+00 +4.8138e-02 -2.7650e+00 +3.2332e+00 +1.5822e+00 +1.6471e+00
6 +3.015623721e+02 +3.015623721e+02 +5.840423721e+02 +5.840423721e+02 -3.6474e+00 +2.1453e+00 +2.1227e+00 +5.4266e-01 +3.6856e+00 +2.1395e+00 -7.5929e-02 +3.7996e+00 +3.2037e+00 -3.5455e-01
13 +2.263899087e+02 +2.263899087e+02 +5.088699087e+02 +5.088699087e+02 -1.6051e+00 -3.0978e+00 -3.9803e+00 +2.3091e+00 +2.7130e-01 +2.0122e+00 +1.3258e+00 +1.8512e+00 +1.0054e+00 +3.5949e-01
"function evaluation" "noise-free fitness - Fopt (4.826100000000e+02)" "best noise-free fitness - Fopt" "measured fitness" "best measured fitness" "x1" "x2"
1 +8.273589025e+02 +8.273589025e+02 +1.309968902e+03 +1.309968902e+03 +5.4094e-01 -3.3518e+00 -2.0756e+00 +4.8370e-01 -1.4710e+00 -1.8001e+00 +2.4385e+00 +4.1514e-01 -3.4349e+00 -2.0332e+00
6 +6.173253118e+02 +6.173253118e+02 +1.099935312e+03 +1.099935312e+03 -3.3380e+00 -5.8152e-01 +3.7993e-01 +2.9734e+00 +3.4407e-01 -2.9117e+00 +2.6725e+00 -9.3713e-01 -3.4429e+00 +2.0534e+00
14 +3.815173811e+02 +3.815173811e+02 +8.641273811e+02 +8.641273811e+02 -3.4277e+00 +2.5036e+00 -1.1960e+00 -2.6230e+00 -2.8279e+00 +1.7734e+00 +2.1916e+00 -3.6594e+00 -2.6667e+00 +2.0756e+00
173 +1.439812089e+02 +1.439812089e+02 +6.265912089e+02 +6.265912089e+02 +9.6965e-01 +1.7451e+00 -9.2519e-01 -2.8944e+00 -2.3935e+00 +2.9041e+00 +2.9171e+00 -2.3768e+00 +1.6753e+00 +8.6362e-01
"function evaluation" "noise-free fitness - Fopt (7.177000000000e+01)" "best noise-free fitness - Fopt" "measured fitness" "best measured fitness" "x1" "x2"
1 +6.249910536e+02 +6.249910536e+02 +6.967610536e+02 +6.967610536e+02 +3.1803e+00 +1.2701e+00 -2.3333e+00 -3.3869e+00 +1.2045e+00 +9.0877e-01 -2.5063e+00 +2.6402e+00 +9.9063e-01 -6.9320e-01
11 +2.308737783e+02 +2.308737783e+02 +3.026437783e+02 +3.026437783e+02 -1.1545e+00 -7.3110e-01 -9.6566e-01 -4.2228e-01 +1.4660e+00 -2.5012e+00 +1.4099e+00 -1.8732e+00 +1.2648e+00 +3.1101e+00
"function evaluation" "noise-free fitness - Fopt (8.448800000000e+02)" "best noise-free fitness - Fopt" "measured fitness" "best measured fitness" "x1" "x2"
1 +3.267343203e+02 +3.267343203e+02 +1.171614320e+03 +1.171614320e+03 +3.0517e+00 +3.3570e-01 +4.1947e-01 +1.2700e+00 -1.5038e+00 -1.6395e-01 +1.7189e+00 +5.8864e-01 -3.6618e+00 -7.8450e-01
18 +2.031366526e+02 +2.031366526e+02 +1.048016653e+03 +1.048016653e+03 +2.0836e+00 -1.7602e+00 -1.2578e+00 -1.7295e+00 +3.5008e+00 -1.8959e+00 +1.4701e-01 +9.6965e-01 -1.6964e+00 -1.4725e+00
"function evaluation" "noise-free fitness - Fopt (-4.222000000000e+01)" "best noise-free fitness - Fopt" "measured fitness" "best measured fitness" "x1" "x2"
1 +1.282126338e+04 +1.282126338e+04 +1.277904338e+04 +1.277904338e+04 -1.7434e+00 -2.9525e+00 +1.9616e+00 -1.4252e+00 +3.0777e+00 -1.0210e+00 +7.5620e-01 -2.7995e+00 +3.9921e+00 -3.1550e+00
3 +6.241229602e+03 +6.241229602e+03 +6.199009602e+03 +6.199009602e+03 +1.4679e+00 +1.8774e+00 -2.0382e+00 +3.4005e+00 +4.0022e-01 -5.6321e-01 -2.7522e-01 -3.5764e+00 +2.7632e+00 +3.1959e+00
5 +1.203246941e+03 +1.203246941e+03 +1.161026941e+03 +1.161026941e+03 +2.3394e+00 -5.8724e-01 +2.9066e+00 -3.4487e+00 -8.0451e-02 +3.4603e-01 +1.9406e+00 +3.6155e+00 -6.6913e-01 -3.5275e+00
10 +8.012098261e+02 +8.012098261e+02 +7.589898261e+02 +7.589898261e+02 -3.0041e+00 +2.0639e+00 +3.0701e+00 +1.1395e+00 -1.6740e-01 -2.1404e+00 -3.2456e+00 +1.5852e+00 -2.8610e+00 +1.0084e+00
14 +5.349571223e+02 +5.349571223e+02 +4.927371223e+02 +4.927371223e+02 -1.7131e+00 +1.8706e+00 -1.2246e+00 -3.5885e+00 +5.9282e-01 -1.3902e+00 +1.2897e+00 +1.9856e+00 -1.9486e+00 +5.2876e-01
58 +3.271705304e+02 +3.271705304e+02 +2.849505304e+02 +2.849505304e+02 -6.5171e-01 -2.7285e+00 +6.6140e-01 +9.5119e-01 +1.7096e+00 -3.7157e+00 -2.8877e+00 -3.2272e+00 -1.8414e+00 +1.7907e+00
107 +1.821717696e+02 +1.821717696e+02 +1.399517696e+02 +1.399517696e+02 +2.3817e+00 -1.4091e+00 +1.7383e+00 +4.9866e-02 +1.9374e+00 +8.5947e-01 +1.1895e+00 -3.1171e+00 -2.4290e-01 +2.7330e+00
792 +1.369014655e+02 +1.369014655e+02 +9.468146549e+01 +9.468146549e+01 -3.3451e+00 -2.6424e+00 -1.1046e+00 +3.6283e-01 +2.1762e+00 +1.0574e+00 +1.2491e+00 -2.8761e+00 +9.5666e-03 +3.6949e+00
"function evaluation" "noise-free fitness - Fopt (-9.179000000000e+01)" "best noise-free fitness - Fopt" "measured fitness" "best measured fitness" "x1" "x2"
1 +1.274301227e+03 +1.274301227e+03 +1.182511227e+03 +1.182511227e+03 +2.4838e+00 -4.1231e-01 +1.0457e+00 -3.6974e+00 -2.5173e+00 +2.5050e+00 +1.5043e+00 +2.5866e+00 +3.8072e+00 -7.7078e-01
4 +8.718132126e+02 +8.718132126e+02 +7.800232126e+02 +7.800232126e+02 +2.2047e+00 +2.0118e+00 -4.3999e-01 +3.7218e+00 -6.0650e-01 +3.8863e+00 +2.7151e+00 -1.0828e+00 +3.1843e+00 +8.2933e-01
12 +4.902372787e+02 +4.902372787e+02 +3.984472787e+02 +3.984472787e+02 +1.0774e+00 -9.3422e-01 -1.3646e+00 +3.6727e+00 +7.8924e-01 +3.4197e+00 +2.1541e+00 +3.2593e+00 -9.7126e-01 -6.7934e-01
17 +3.305999839e+02 +3.305999839e+02 +2.388099839e+02 +2.388099839e+02 -2.4921e+00 +2.5759e+00 -1.1297e+00 -3.9800e+00 -9.3414e-01 +2.2658e+00 +2.6230e+00 -9.0521e-01 +2.9055e+00 +1.6443e-01
29 +2.367466492e+02 +2.367466492e+02 +1.449566492e+02 +1.449566492e+02 -3.8463e+00 -3.8644e+00 +3.7951e+00 -1.1495e+00 +1.4434e+00 +2.7871e+00 +8.7600e-01 +3.0404e+00 +8.2059e-01 -1.2683e+00
"function evaluation" "noise-free fitness - Fopt (-1.277000000000e+01)" "best noise-free fitness - Fopt" "measured fitness" "best measured fitness" "x1" "x2"
1 +8.035160049e+02 +8.035160049e+02 +7.907460049e+02 +7.907460049e+02 +2.9884e-01 +4.7353e-01 +3.7378e+00 +2.5858e+00 +2.0714e+00 +2.2592e+00 -2.9484e+00 +1.5477e+00 -1.6214e-01 -8.5237e-01
4 +3.106841046e+02 +3.106841046e+02 +2.979141046e+02 +2.979141046e+02 -2.5902e+00 +3.4939e+00 +1.1477e+00 -6.3696e-01 -1.5393e+00 +3.0125e+00 -2.9360e+00 -1.0436e+00 +2.9861e+00 +2.8921e-01
119 +2.403763005e+02 +2.403763005e+02 +2.276063005e+02 +2.276063005e+02 +3.9775e+00 -1.7275e+00 -1.0128e+00 +2.5504e+00 +7.2711e-01 +1.0447e+00 +2.3900e+00 +1.7275e+00 +6.9926e-01 -8.5611e-01
"function evaluation" "noise-free fitness - Fopt (-1.000000000000e+03)" "best noise-free fitness - Fopt" "measured fitness" "best measured fitness" "x1" "x2"
1 +5.199752566e+03 +5.199752566e+03 +4.199752566e+03 +4.199752566e+03 +2.4838e+00 -4.1231e-01 +1.0457e+00 -3.6974e+00 -2.5173e+00 +2.5050e+00 +1.5043e+00 +2.5866e+00 +3.8072e+00 -7.7078e-01
2 +5.963886863e+02 +5.963886863e+02 -4.036113137e+02 -4.036113137e+02 +1.5997e+00 +4.1666e-01 -1.8819e+00 -2.0059e+00 +1.6180e+00 +2.0475e+00 +3.8321e+00 -3.7598e+00 -1.2227e+00 -3.1393e+00
12 +2.043782337e+02 +2.043782337e+02 -7.956217663e+02 -7.956217663e+02 +1.0774e+00 -9.3422e-01 -1.3646e+00 +3.6727e+00 +7.8924e-01 +3.4197e+00 +2.1541e+00 +3.2593e+00 -9.7126e-01 -6.7934e-01
"function evaluation" "noise-free fitness - Fopt (-1.000000000000e+03)" "best noise-free fitness - Fopt" "measured fitness" "best measured fitness" "x1" "x2"
1 +8.167161285e+02 +8.167161285e+02 -1.832838715e+02 -1.832838715e+02 +2.0826e+00 -2.8367e+00 +2.5023e+00 -2.2804e+00 -2.9702e+00 -1.8427e+00 -3.9047e+00 -3.0482e+00 -2.3284e+00 -1.0941e+00
5 +4.277584795e+02 +4.277584795e+02 -5.722415205e+02 -5.722415205e+02 +9.2906e-01 -3.1825e+00 +1.1805e+00 -3.4636e+00 -2.9321e+00 +2.3925e-01 -3.8449e-01 +3.9692e+00 -1.9425e+00 +2.3756e-01
17 +2.182107585e+02 +2.182107585e+02 -7.817892415e+02 -7.817892415e+02 -8.3681e-01 -1.2378e+00 -1.7523e+00 +1.6513e+00 -1.7427e+00 +1.3884e-01 -4.0064e-01 -1.6795e-01 +2.0067e-01 +2.8713e+00
"function evaluation" "noise-free fitness - Fopt (1.000000000000e+03)" "best noise-free fitness - Fopt" "measured fitness" "best measured fitness" "x1" "x2"
1 +2.514588161e+03 +2.514588161e+03 +3.514588161e+03 +3.514588161e+03 +1.5302e+00 +2.7287e+00 +2.9406e+00 +1.7791e+00 +5.4848e-01 -2.1765e+00 +3.0098e+00 -3.1716e+00 -3.8726e-01 -3.3141e+00
3 +3.587271209e+02 +3.587271209e+02 +1.358727121e+03 +1.358727121e+03 +1.5075e+00 -3.7696e+00 -2.0756e+00 +7.0422e-02 +5.6780e-01 +1.9027e-03 -3.4966e+00 +9.5542e-01 +1.7564e+00 +3.6395e+00
142 +2.099372317e+02 +2.099372317e+02 +1.209937232e+03 +1.209937232e+03 -2.9002e+00 -2.8946e+00 +4.4211e-01 +1.4674e+00 -5.7437e-01 +1.7835e+00 +5.1676e-01 -1.9790e+00 +2.0774e+00 +1.4531e+00
"function evaluation" "noise-free fitness - Fopt (-1.846000000000e+01)" "best noise-free fitness - Fopt" "measured fitness" "best measured fitness" "x1" "x2"
1 +2.091147848e+03 +2.091147848e+03 +2.072687848e+03 +2.072687848e+03 -4.2923e-01 -2.2710e+00 +3.3213e+00 -2.6680e+00 -1.5005e+00 +2.0883e+00 +3.5384e+00 -2.9346e+00 -3.4834e+00 -3.9409e+00
3 +6.560409052e+02 +6.560409052e+02 +6.375809052e+02 +6.375809052e+02 +2.7768e+00 -6.9891e-01 +2.7535e+00 -1.2872e-01 -1.9168e+00 +5.2333e-01 -3.0382e+00 -1.3045e+00 -3.4614e+00 -2.5059e+00
4 +4.720548616e+02 +4.720548616e+02 +4.535948616e+02 +4.535948616e+02 +3.5413e+00 -3.8464e+00 -8.5386e-01 -1.2296e+00 +2.2000e-01 +9.8322e-01 -3.5319e-01 -1.7585e+00 -1.8879e+00 +1.1085e+00
12 +2.882262679e+02 +2.882262679e+02 +2.697662679e+02 +2.697662679e+02 +6.8360e-01 +3.5396e+00 +2.3919e+00 -1.3640e+00 -1.1151e+00 -2.2657e+00 +3.3913e-02 +2.6967e+00 +2.9332e-01 -1.2667e+00
47 +1.676407605e+02 +1.676407605e+02 +1.491807605e+02 +1.491807605e+02 +2.1108e+00 +2.1275e+00 +3.0108e+00 +2.0757e+00 +4.9296e-01 -1.6719e+00 +1.8009e+00 +2.1079e+00 -1.0530e+00 +1.9064e+00
"function evaluation" "noise-free fitness - Fopt (-6.046000000000e+01)" "best noise-free fitness - Fopt" "measured fitness" "best measured fitness" "x1" "x2"
1 +1.642033021e+03 +1.642033021e+03 +1.581573021e+03 +1.581573021e+03 +2.7441e+00 -3.0504e+00 -2.7058e+00 -4.2035e-01 -1.4249e+00 +1.6206e+00 -6.0894e-01 +1.0926e+00 +3.3562e+00 -2.3874e+00
3 +6.389083012e+02 +6.389083012e+02 +5.784483012e+02 +5.784483012e+02 -5.1125e-02 -2.5803e+00 +1.9264e+00 +2.8072e-01 +2.9006e+00 +1.0000e+00 -1.9919e+00 +2.7008e+00 +1.7348e+00 -9.6144e-01
7 +3.935344171e+02 +3.935344171e+02 +3.330744171e+02 +3.330744171e+02 -1.3938e+00 -2.7489e+00 -7.4148e-01 +6.5176e-01 +3.2913e+00 -4.6782e-02 +6.2498e-01 +3.4464e-01 -8.4801e-01 +6.6726e-01
51 +1.560195321e+02 +1.560195321e+02 +9.555953210e+01 +9.555953210e+01 +2.7914e-01 +8.2063e-01 +2.2984e+00 +7.9095e-01 +3.5383e+00 -1.3380e+00 +1.5188e-01 -6.1806e-01 +1.5570e+00 +3.8676e+00
"function evaluation" "noise-free fitness - Fopt (3.173300000000e+02)" "best noise-free fitness - Fopt" "measured fitness" "best measured fitness" "x1" "x2"
1 +5.401539226e+02 +5.401539226e+02 +8.574839226e+02 +8.574839226e+02 -4.6025e-01 +1.3024e+00 -3.5112e+00 -2.6303e+00 +1.2950e+00 +5.3607e-01 -5.7142e-01 +8.9684e-02 +1.6431e+00 -2.4426e-01
8 +3.541304603e+02 +3.541304603e+02 +6.714604603e+02 +6.714604603e+02 -5.8838e-01 -2.3441e+00 -1.8279e+00 -3.9669e+00 -2.7408e+00 -3.8552e+00 +1.3083e+00 +1.3762e+00 +3.8505e-01 -2.0301e+00
139 +2.275303392e+02 +2.275303392e+02 +5.448603392e+02 +5.448603392e+02 -3.3453e+00 +2.9594e+00 +1.3246e+00 +1.0004e+00 +9.1117e-01 +1.3688e+00 +2.1200e+00 +2.0747e+00 +3.2853e+00 -2.4580e+00
"function evaluation" "noise-free fitness - Fopt (3.384000000000e+02)" "best noise-free fitness - Fopt" "measured fitness" "best measured fitness" "x1" "x2"
1 +8.335713615e+02 +8.335713615e+02 +1.171971361e+03 +1.171971361e+03 -9.9188e-01 +3.5855e+00 -3.3190e+00 +1.7544e+00 +1.2673e+00 +3.9376e+00 +6.7975e-01 -2.7256e+00 -1.9492e+00 +3.2566e+00
2 +6.140428463e+02 +6.140428463e+02 +9.524428463e+02 +9.524428463e+02 +2.9509e+00 +3.7660e+00 +3.1750e+00 +2.4852e+00 -1.1233e+00 +6.2193e-01 -2.1515e+00 -1.7858e+00 +4.6321e-01 -3.8074e+00
24 +2.543447975e+02 +2.543447975e+02 +5.927447975e+02 +5.927447975e+02 -1.3682e+00 +6.0981e-01 -2.6122e+00 -1.5932e+00 +1.3739e+00 -3.2826e+00 -1.3283e+00 -3.2994e+00 -1.4739e-01 -2.4861e+00
36 +2.490504297e+02 +2.490504297e+02 +5.874504297e+02 +5.874504297e+02 +1.7039e+00 +1.2760e+00 +2.2583e+00 +2.1597e+00 -3.8900e-01 +2.6879e-01 -2.3789e+00 +7.4770e-01 +6.3428e-01 -1.5306e+00
"function evaluation" "noise-free fitness - Fopt (-4.940000000000e+01)" "best noise-free fitness - Fopt" "measured fitness" "best measured fitness" "x1" "x2"
1 +1.834815900e+03 +1.834815900e+03 +1.785415900e+03 +1.785415900e+03 -2.1676e+00 -3.7643e+00 -2.8997e+00 +2.6782e+00 -3.4216e+00 +3.6223e+00 +3.7621e+00 -1.0999e+00 +2.9349e+00 -3.0946e+00
2 +1.051855512e+03 +1.051855512e+03 +1.002455512e+03 +1.002455512e+03 -3.9539e+00 -3.0683e+00 +1.9868e+00 +1.9829e+00 +1.2163e+00 +1.9313e+00 +3.1525e+00 +3.6786e+00 -1.1946e+00 -1.5545e+00
3 +5.088312005e+02 +5.088312005e+02 +4.594312005e+02 +4.594312005e+02 -3.8480e+00 -5.3052e-01 -3.0663e+00 -3.3295e+00 -1.4724e+00 +6.4491e-01 +2.5108e+00 -3.0530e+00 +1.7085e+00 -3.9899e+00
12 +3.489138042e+02 +3.489138042e+02 +2.995138042e+02 +2.995138042e+02 +1.0550e+00 +1.3492e+00 -2.1263e+00 -1.9658e+00 -1.6235e+00 -1.6920e+00 +3.3558e+00 +1.4256e-01 +3.3549e-03 +3.1120e+00
76 +2.367040329e+02 +2.367040329e+02 +1.873040329e+02 +1.873040329e+02 -6.8277e-01 +1.2649e+00 -2.8261e+00 +5.7388e-01 +3.6274e+00 +2.1569e+00 +2.2782e+00 -3.4573e-01 -6.8017e-01 +2.3309e-01
"function evaluation" "noise-free fitness - Fopt (-5.557000000000e+01)" "best noise-free fitness - Fopt" "measured fitness" "best measured fitness" "x1" "x2"
1 +5.632158925e+02 +5.632158925e+02 +5.076458925e+02 +5.076458925e+02 -3.9155e+00 -2.7146e+00 -9.5423e-01 +3.9888e+00 -1.1286e+00 -2.1181e+00 +8.6862e-01 -3.1337e+00 -2.1499e+00 +4.7288e-02
13 +3.789364076e+02 +3.789364076e+02 +3.233664076e+02 +3.233664076e+02 +1.8179e+00 -2.8061e+00 +5.5021e-01 +3.5956e-01 -1.0135e+00 +3.9047e+00 +4.3621e-01 +3.1529e+00 -1.6412e+00 +4.1039e-01
31 +2.478592684e+02 +2.478592684e+02 +1.922892684e+02 +1.922892684e+02 -1.5194e+00 +5.9298e-01 -2.9419e+00 -2.3035e+00 -5.1864e-02 +1.4919e+00 +7.2048e-01 +8.7802e-01 -1.5339e-01 +1.5034e+00
"function evaluation" "noise-free fitness - Fopt (-1.412700000000e+02)" "best noise-free fitness - Fopt" "measured fitness" "best measured fitness" "x1" "x2"
1 +8.935092429e+02 +8.935092429e+02 +7.522392429e+02 +7.522392429e+02 -2.4895e+00 +1.8869e+00 -3.1239e+00 -3.6292e+00 -3.8607e+00 -3.1769e+00 -3.3133e+00 -4.7635e-01 -3.1639e+00 +2.8421e+00
4 +3.866992180e+02 +3.866992180e+02 +2.454292180e+02 +2.454292180e+02 -2.9242e-01 +3.3203e+00 -1.9033e+00 -1.3821e+00 -3.3446e-01 +1.4473e+00 +6.6628e-01 -3.8595e+00 -3.8874e+00 +9.4143e-01
667 +2.289851066e+02 +2.289851066e+02 +8.771510657e+01 +8.771510657e+01 +8.1446e-02 -1.3200e+00 +7.5186e-01 -3.2600e+00 -9.3477e-01 +2.1792e+00 +1.0130e+00 -2.6469e+00 +1.0901e-01 -1.5160e-01
"function evaluation" "noise-free fitness - Fopt (1.822100000000e+02)" "best noise-free fitness - Fopt" "measured fitness" "best measured fitness" "x1" "x2"
1 +2.010327093e+03 +2.010327093e+03 +2.192537093e+03 +2.192537093e+03 -3.9187e+00 +2.9969e+00 +7.6344e-01 -2.6133e+00 +2.0218e+00 -1.0314e+00 +2.0951e+00 -3.0846e+00 +2.4328e+00 +3.5178e+00
7 +7.203526104e+02 +7.203526104e+02 +9.025626104e+02 +9.025626104e+02 -9.5189e-01 +1.8137e+00 +1.3494e+00 -7.4718e-01 -2.4283e+00 -2.9311e+00 +1.5358e+00 +2.7368e+00 +1.6902e+00 -4.6888e-01
16 +4.162617783e+02 +4.162617783e+02 +5.984717783e+02 +5.984717783e+02 -3.4164e+00 +3.3944e+00 -2.2590e+00 +1.2596e+00 -2.2766e+00 +2.3344e+00 +3.5539e-01 -1.6900e+00 -1.2108e+00 +2.7249e-01
34 +3.669008986e+02 +3.669008986e+02 +5.491108986e+02 +5.491108986e+02 -1.3403e+00 +9.0016e-01 -3.2367e-01 +2.8579e+00 -8.6851e-01 +1.4763e+00 -6.3168e-01 -2.9531e+00 -6.8948e-01 +3.1671e+00
91 +2.433389131e+02 +2.433389131e+02 +4.255489131e+02 +4.255489131e+02 -1.5603e+00 +1.1078e+00 -9.7250e-01 +3.7355e+00 -3.1152e+00 +1.7350e+00 -3.1609e+00 +2.8307e+00 +4.5013e-01 +2.0032e+00
724 +1.148639271e+02 +1.148639271e+02 +2.970739271e+02 +2.970739271e+02 +5.9997e-01 -3.0929e+00 +2.2579e-01 +3.1219e+00 +2.7725e-01 -2.8805e-01 +1.2245e+00 +2.6299e+00 +8.1422e-01 +1.5352e+00
"function evaluation" "noise-free fitness - Fopt (8.191000000000e+01)" "best noise-free fitness - Fopt" "measured fitness" "best measured fitness" "x1" "x2"
1 +1.424445162e+03 +1.424445162e+03 +1.506355162e+03 +1.506355162e+03 -2.5552e+00 -8.7120e-01 -1.4268e+00 -3.6652e+00 +1.6429e+00 -3.5628e-02 +1.6530e+00 -2.1042e+00 +2.2401e+00 -1.2402e+00
5 +7.630765272e+02 +7.630765272e+02 +8.449865272e+02 +8.449865272e+02 -1.7984e+00 +3.1786e+00 -1.3879e+00 -3.6117e+00 -3.6934e+00 -3.9346e+00 -2.9639e+00 -3.9497e+00 +1.3013e+00 +8.1783e-01
6 +3.905109106e+02 +3.905109106e+02 +4.724209106e+02 +4.724209106e+02 -3.9252e+00 -2.4217e-01 -1.1938e+00 +2.8360e+00 -2.1167e+00 +3.2076e+00 -2.9699e+00 +3.9317e+00 -1.4958e+00 -1.8519e+00
787 +2.497458499e+02 +2.497458499e+02 +3.316558499e+02 +3.316558499e+02 -8.3534e-01 -2.2632e+00 -1.4485e+00 -1.1823e+00 +2.6234e+00 +1.9671e+00 -2.2193e+00 +2.5590e-01 +7.3739e-01 -2.0111e+00
"function evaluation" "noise-free fitness - Fopt (-3.930000000000e+01)" "best noise-free fitness - Fopt" "measured fitness" "best measured fitness" "x1" "x2"
1 +6.600099578e+02 +6.600099578e+02 +6.207099578e+02 +6.207099578e+02 +2.5855e+00 +1.8622e-01 +2.8262e+00 +2.8916e+00 +1.1764e+00 -6.6535e-02 -2.9650e+00 -2.0581e+00 -8.7966e-01 +3.2771e-01
3 +4.565796322e+02 +4.565796322e+02 +4.172796322e+02 +4.172796322e+02 +3.4403e+00 +1.5112e+00 +1.9639e+00 -1.3361e+00 -2.5368e+00 -3.9286e+00 +3.6110e+00 -3.2076e+00 +7.4989e-02 -2.3927e+00
7 +3.077500279e+02 +3.077500279e+02 +2.684500279e+02 +2.684500279e+02 +1.1821e+00 +3.3395e+00 -3.6949e-01 -7.8001e-01 +8.8725e-01 -1.7705e+00 +3.0601e+00 +1.7258e+00 -1.4530e+00 -1.1538e+00
43 +2.382076397e+02 +2.382076397e+02 +1.989076397e+02 +1.989076397e+02 -3.5870e+00 -3.3714e+00 +2.7888e+00 +3.5006e-02 +7.7210e-01 -9.8501e-01 +2.7295e+00 +1.3193e+00 +1.3879e-01 -3.4513e+00
352 +1.522743545e+02 +1.522743545e+02 +1.129743545e+02 +1.129743545e+02 +2.4988e+00 -3.2719e+00 +2.1809e+00 +8.2262e-01 +8.4344e-01 -2.6041e+00 +2.5885e+00 +2.9091e+00 +2.5931e-01 -2.5710e+00
"function evaluation" "noise-free fitness - Fopt (4.296000000000e+01)" "best noise-free fitness - Fopt" "measured fitness" "best measured fitness" "x1" "x2"
1 +6.225756494e+02 +6.225756494e+02 +6.655356494e+02 +6.655356494e+02 -9.9188e-01 +3.5855e+00 -3.3190e+00 +1.7544e+00 +1.2673e+00 +3.9376e+00 +6.7975e-01 -2.7256e+00 -1.9492e+00 +3.2566e+00
13 +3.312990356e+02 +3.312990356e+02 +3.742590356e+02 +3.742590356e+02 -8.9594e-01 +2.0310e+00 +1.0480e+00 +3.4978e+00 -1.5349e+00 -2.4039e+00 -1.5740e+00 +1.7264e+00 +1.5302e-01 +3.6658e+00
185 +2.217057797e+02 +2.217057797e+02 +2.646657797e+02 +2.646657797e+02 +3.0327e-01 -3.7197e+00 -3.4656e+00 +1.5774e+00 +3.0821e-01 -2.5818e+00 -8.1714e-01 -3.9574e-01 +1.2348e+00 +2.9871e-01
"function evaluation" "noise-free fitness - Fopt (2.842200000000e+02)" "best noise-free fitness - Fopt" "measured fitness" "best measured fitness" "x1" "x2"
1 +4.839284559e+02 +4.839284559e+02 +7.681484559e+02 +7.681484559e+02 -3.9155e+00 -2.7146e+00 -9.5423e-01 +3.9888e+00 -1.1286e+00 -2.1181e+00 +8.6862e-01 -3.1337e+00 -2.1499e+00 +4.7288e-02
3 +3.684240059e+02 +3.684240059e+02 +6.526440059e+02 +6.526440059e+02 +1.0070e+00 +2.4816e+00 -3.2942e+00 +3.8546e+00 +5.9601e-01 -2.2531e+00 +3.3520e+00 -3.9926e+00 -1.7156e+00 -3.7818e+00
56 +2.403501845e+02 +2.403501845e+02 +5.245701845e+02 +5.245701845e+02 +2.2494e+00 -3.1969e+00 +1.0517e+00 +2.3564e+00 +1.1817e-01 -1.3557e+00 -4.6212e-01 -4.8885e-01 +3.5753e-01 -3.3110e+00
"function evaluation" "noise-free fitness - Fopt (-3.217000000000e+01)" "best noise-free fitness - Fopt" "measured fitness" "best measured fitness" "x1" "x2"
1 +2.026540634e+03 +2.026540634e+03 +1.994370634e+03 +1.994370634e+03 +6.7825e-01 +2.3748e-02 -2.2422e-02 -2.0415e+00 -7.0159e-01 -8.0988e-01 -6.4240e-01 -4.4817e-01 +3.0281e+00 -2.0072e+00
4 +8.204260166e+02 +8.204260166e+02 +7.882560166e+02 +7.882560166e+02 -1.8700e+00 -2.0590e+00 +9.5352e-01 +1.8329e+00 +2.2331e+00 +2.4045e+00 -3.8555e+00 -1.7044e+00 +2.0949e+00 -3.7030e+00
5 +4.444703658e+02 +4.444703658e+02 +4.123003658e+02 +4.123003658e+02 -1.7693e+00 +2.5742e-01 -3.4619e+00 -6.9476e-01 +9.0386e-01 -1.0461e+00 -3.1363e-01 -2.0625e+00 -1.8218e+00 +1.2035e-01
12 +3.845821512e+02 +3.845821512e+02 +3.524121512e+02 +3.524121512e+02 +2.3981e+00 -1.5953e-01 -1.7445e+00 -1.8278e+00 -6.3897e-01 +2.4374e+00 -1.4967e+00 +3.8779e+00 -2.3019e+00 -3.6327e+00
163 +2.263347839e+02 +2.263347839e+02 +1.941647839e+02 +1.941647839e+02 -1.7795e+00 +3.4261e+00 +6.0560e-01 -3.6096e+00 +1.7137e+00 +3.5987e+00 -1.1749e+00 +2.6095e+00 -1.2450e+00 -2.5849e+00
"function evaluation" "noise-free fitness - Fopt (-5.858000000000e+01)" "best noise-free fitness - Fopt" "measured fitness" "best measured fitness" "x1" "x2"
1 +8.391741060e+02 +8.391741060e+02 +7.805941060e+02 +7.805941060e+02 -9.9188e-01 +3.5855e+00 -3.3190e+00 +1.7544e+00 +1.2673e+00 +3.9376e+00 +6.7975e-01 -2.7256e+00 -1.9492e+00 +3.2566e+00
5 +3.881908815e+02 +3.881908815e+02 +3.296108815e+02 +3.296108815e+02 +1.3195e-01 +1.5320e+00 +5.7631e-01 -3.4699e+00 +5.7716e-01 +6.3106e-01 +2.7170e+00 +2.8643e+00 +1.5047e+00 -1.1390e+00
558 +2.411063783e+02 +2.411063783e+02 +1.825263783e+02 +1.825263783e+02 -2.9019e+00 -2.7908e+00 -1.5431e+00 +3.6500e+00 -1.0024e-02 -2.3449e+00 +1.2144e+00 +3.9281e+00 +1.6824e+00 -7.3326e-02
"function evaluation" "noise-free fitness - Fopt (-6.049200000000e+02)" "best noise-free fitness - Fopt" "measured fitness" "best measured fitness" "x1" "x2"
1 +7.691869251e+02 +7.691869251e+02 +1.642669251e+02 +1.642669251e+02 -3.1199e+00 -4.7728e-01 +1.6432e+00 -4.5849e-01 -3.0632e+00 -1.7412e+00 -9.5554e-01 +1.1143e+00 +1.3682e+00 +1.7452e+00
11 +5.405971843e+02 +5.405971843e+02 -6.432281572e+01 -6.432281572e+01 -2.4264e-01 +3.8073e+00 +2.7441e+00 -4.4507e-01 +1.0129e+00 -3.8736e+00 -3.3387e+00 -1.8645e-01 +4.8540e-01 -3.1626e+00
14 +3.923722729e+02 +3.923722729e+02 -2.125477271e+02 -2.125477271e+02 -1.4090e+00 +3.5736e-01 -1.1659e+00 +3.8873e+00 +8.1558e-02 -2.7280e+00 -1.5657e+00 +3.0783e+00 -8.3136e-01 +2.5572e+00
688 +2.241568239e+02 +2.241568239e+02 -3.807631761e+02 -3.807631761e+02 -1.1173e+00 -9.1751e-01 +1.1277e+00 -2.1744e+00 -2.9269e-01 -3.5804e-01 -2.2745e+00 -1.4349e+00 -5.6073e-01 -2.3914e+00
"function evaluation" "noise-free fitness - Fopt (1.337000000000e+02)" "best noise-free fitness - Fopt" "measured fitness" "best measured fitness" "x1" "x2"
1 +2.910592594e+03 +2.910592594e+03 +3.044292594e+03 +3.044292594e+03 +1.6231e+00 +1.6746e+00 +3.3296e+00 +1.7729e+00 -3.9678e+00 -3.9270e-01 +3.0505e+00 +3.0129e+00 -3.2904e+00 -2.6064e+00
2 +2.124813200e+03 +2.124813200e+03 +2.258513200e+03 +2.258513200e+03 +1.8968e+00 -1.6092e-01 -1.5572e+00 -2.0196e+00 -3.0989e+00 +2.3286e+00 -2.4208e+00 +2.6143e+00 +3.6859e+00 -9.4019e-01
3 +7.879931354e+02 +7.879931354e+02 +9.216931354e+02 +9.216931354e+02 +1.8067e+00 +2.2980e+00 +1.3771e+00 +2.3581e+00 -3.4629e+00 -3.5414e+00 -9.4166e-01 +6.1876e-01 -2.4078e+00 -6.9214e-01
4 +2.769494090e+02 +2.769494090e+02 +4.106494090e+02 +4.106494090e+02 -1.2736e+00 +1.3687e+00 +4.4846e-01 -2.7590e+00 +3.5373e+00 +3.4287e+00 +1.5630e+00 -2.1110e+00 -2.6110e-01 -1.2748e+00
30 +2.496749145e+02 +2.496749145e+02 +3.833749145e+02 +3.833749145e+02 +1.6001e+00 -3.8936e+00 -2.4058e+00 +3.0937e+00 +1.5161e+00 +3.7907e+00 -8.8023e-01 -9.0662e-01 +5.1805e-01 +2.6875e+00
"function evaluation" "noise-free fitness - Fopt (-2.098000000000e+01)" "best noise-free fitness - Fopt" "measured fitness" "best measured fitness" "x1" "x2"
1 +2.631671538e+03 +2.631671538e+03 +2.610691538e+03 +2.610691538e+03 -2.3128e+00 +3.3393e+00 +1.1152e+00 +3.1440e+00 -3.3724e+00 -1.4420e+00 +3.1641e-01 -3.3731e+00 +3.6198e+00 -2.8140e+00
2 +6.898284492e+02 +6.898284492e+02 +6.688484492e+02 +6.688484492e+02 +3.2746e+00 +3.7814e+00 -2.8912e+00 -6.5047e-01 -1.8664e+00 +1.1653e-01 -1.9222e+00 +7.0891e-01 -1.3648e+00 +2.0165e+00
4 +3.684733051e+02 +3.684733051e+02 +3.474933051e+02 +3.474933051e+02 +1.3785e+00 -3.7915e+00 -3.9385e+00 -8.6112e-01 -1.0778e+00 +1.2500e+00 -1.7187e+00 +1.3107e+00 +1.1083e+00 +3.9424e+00
23 +1.879853451e+02 +1.879853451e+02 +1.670053451e+02 +1.670053451e+02 +3.2020e-02 +3.7073e+00 +3.8708e-01 -2.8624e-01 -7.5781e-01 -5.0317e-02 +1.9471e+00 +1.2341e+00 +1.5313e+00 +3.5303e+00
"function evaluation" "noise-free fitness - Fopt (1.353300000000e+02)" "best noise-free fitness - Fopt" "measured fitness" "best measured fitness" "x1" "x2"
1 +1.810846694e+03 +1.810846694e+03 +1.946176694e+03 +1.946176694e+03 +2.7171e+00 -2.4522e+00 -2.7490e+00 -3.9725e+00 +3.6296e+00 -2.5968e+00 +2.1725e+00 -1.0228e+00 +2.2236e+00 +6.5722e-01
2 +4.779942369e+02 +4.779942369e+02 +6.133242369e+02 +6.133242369e+02 +1.0041e+00 +1.3423e+00 +2.0093e+00 -1.2332e+00 -3.3096e+00 +3.6210e+00 +9.3468e-01 +3.3262e+00 +1.1444e+00 -2.3615e+00
6 +3.183329200e+02 +3.183329200e+02 +4.536629200e+02 +4.536629200e+02 +8.7248e-01 -6.8823e-01 -2.3553e+00 -7.9775e-01 -2.1581e+00 +3.7990e-01 -2.2187e+00 +2.9386e+00 +3.0267e-01 -2.4405e+00
51 +1.893250678e+02 +1.893250678e+02 +3.246550678e+02 +3.246550678e+02 +7.0891e-01 +1.3522e+00 +5.8934e-01 -2.3473e+00 +3.2334e+00 -2.1240e+00 +1.2074e+00 +1.6036e+00 +1.6544e+00 -2.1929e+00
"function evaluation" "noise-free fitness - Fopt (4.066000000000e+01)" "best noise-free fitness - Fopt" "measured fitness" "best measured fitness" "x1" "x2"
1 +9.990035265e+02 +9.990035265e+02 +1.039663526e+03 +1.039663526e+03 -3.2287e-01 -7.9796e-01 +3.4083e+00 -1.4851e+00 -1.0225e+00 +1.7428e+00 -2.8265e+00 +1.6475e+00 -3.3057e+00 -3.9308e+00
2 +2.859432592e+02 +2.859432592e+02 +3.266032592e+02 +3.266032592e+02 +2.9953e+00 +1.9162e-01 +1.5859e+00 -3.2942e+00 -3.0557e+00 +3.9288e+00 +7.5099e-01 -3.5460e-02 +2.7218e+00 +1.5150e+00
85 +2.091997795e+02 +2.091997795e+02 +2.498597795e+02 +2.498597795e+02 -1.9531e+00 -3.4866e+00 +3.2944e+00 -2.8994e+00 +9.7283e-01 +8.7226e-01 +2.6236e-01 -2.3384e+00 +1.0973e+00 +1.3338e+00
